日期,开盘,收盘,最高,最低,周成交量
2015-09-02,7.09,7.15,7.35,6.97,331680399
2015-09-11,7.25,7.71,7.82,7.12,397321889
2015-09-18,7.73,7.33,7.76,6.89,359367055
2015-09-25,7.22,7.42,7.72,7.22,422248904
2015-09-30,7.43,7.51,7.58,7.35,44528865
2015-10-09,7.81,7.89,7.91,7.6,66330015
2015-10-16,7.92,8.67,8.68,7.92,235056591
2015-10-23,8.74,8.87,8.96,8.4,122379875
2015-10-30,9.06,9.0,9.16,8.7,118551212
2015-11-06,8.94,9.65,9.67,8.76,101454144
2015-11-13,9.65,9.66,9.94,9.51,93712572
2015-11-20,9.54,9.92,10.13,9.54,63684598
2015-11-27,9.94,9.33,10.06,9.31,45826014
2015-12-04,9.42,9.76,9.89,9.02,38131761
2015-12-11,9.77,9.68,9.81,9.58,26146121
2015-12-18,9.67,10.2,10.22,9.55,44767963
2015-12-25,10.15,10.33,10.51,10.15,39393864
2015-12-31,10.35,10.08,10.4,10.04,25291805
2016-01-08,10.05,8.82,10.05,8.61,28420794
2016-01-15,8.69,8.1,8.78,8.01,24114926
2016-01-22,8.1,8.12,8.5,7.99,16462912
2016-01-29,8.47,7.63,8.47,7.36,16530727
2016-02-05,7.63,7.81,7.94,7.48,20579942
2016-02-19,7.63,8.14,8.25,7.52,16558973
2016-02-26,8.18,7.76,8.38,7.71,13309147
2016-03-04,7.74,7.91,8.05,7.39,13973124
2016-03-11,7.96,7.69,8.08,7.68,8895885
2016-03-18,7.76,8.19,8.24,7.72,11758491
2016-03-25,8.2,8.38,8.48,8.2,15566327
2016-04-01,8.42,8.4,8.5,8.17,30379213
2016-04-08,8.35,8.4,8.65,8.32,19342458
2016-04-15,8.43,8.63,8.7,8.43,8476183
2016-04-22,8.64,8.25,8.64,8.18,8481125
2016-04-29,8.28,8.26,8.33,8.15,10332114
2016-05-06,8.29,8.23,8.49,8.21,9701283
2016-05-13,8.2,7.94,8.2,7.88,8244475
2016-05-20,7.94,8.01,8.12,7.9,6116257
2016-05-27,8.02,8.0,8.09,7.85,5831299
2016-06-03,7.96,8.43,8.48,7.89,14795392
2016-06-08,8.43,8.45,8.5,8.4,5620756
2016-06-17,8.4,8.3,8.4,8.04,5815586
2016-06-24,8.3,8.28,8.48,8.2,7857999
2016-07-01,8.26,8.52,8.55,8.26,13205282
2016-07-08,8.46,8.75,8.78,8.44,14634822
2016-07-15,8.78,8.97,8.99,8.67,11745439
2016-07-22,8.92,8.87,9.0,8.82,5767827
2016-07-29,8.87,8.66,9.02,8.57,13365896
2016-08-05,8.6,8.73,8.79,8.51,4023265
2016-08-12,8.69,8.94,8.94,8.68,6324427
2016-08-19,8.93,9.21,9.32,8.93,15571703
2016-08-26,9.16,9.04,9.28,8.98,9372524
2016-09-02,9.1,9.05,9.11,8.99,4651965
2016-09-09,9.04,9.02,9.14,8.95,5060670
2016-09-14,9.02,8.78,9.02,8.77,3435484
2016-09-23,8.78,8.89,9.05,8.75,5892508
2016-09-30,8.94,8.89,8.95,8.72,3648880
2016-10-14,9.05,9.0,9.05,8.86,4181846
2016-10-21,9.0,9.0,9.04,8.91,4948773
2016-10-28,9.03,9.01,9.11,9.0,5827986
2016-11-04,8.96,9.02,9.08,8.94,5441058
2016-11-11,9.0,9.17,9.17,8.89,8484536
2016-11-18,9.16,9.17,9.23,9.14,7729784
2016-11-25,9.15,9.42,9.42,9.15,12579555
2016-12-02,9.43,9.43,9.55,9.42,12648520
2016-12-09,9.4,9.23,9.4,9.16,6808979
2016-12-16,9.23,8.88,9.23,8.82,6307798
2016-12-23,8.87,8.8,8.93,8.77,2594409
2016-12-30,8.76,8.7,8.85,8.65,2787850
2017-01-06,8.72,8.77,8.92,8.72,3145254
2017-01-13,8.7,8.62,8.79,8.6,3039063
2017-01-20,8.6,8.54,8.6,8.17,3045813
2017-01-26,8.59,8.66,8.66,8.55,1576528
2017-02-03,8.65,8.63,8.65,8.6,171178
2017-02-10,8.58,8.75,8.76,8.57,3210912
2017-02-17,8.7,8.77,8.86,8.65,5599652
2017-02-24,8.8,8.94,8.98,8.8,6409036
2017-03-03,8.9,8.87,8.94,8.81,5232859
2017-03-10,8.86,8.94,9.01,8.82,6110266
2017-03-17,8.9,8.99,9.11,8.9,5661663
2017-03-24,9.05,9.19,9.2,8.9,16416948
2017-03-31,9.2,9.05,9.2,8.95,9415445
2017-04-07,9.06,9.2,9.22,9.06,6609960
2017-04-14,9.17,9.13,9.22,9.02,10432146
2017-04-21,9.11,9.04,9.14,8.92,6389443
2017-04-28,9.02,8.99,9.07,8.66,6421639
2017-05-05,8.98,8.83,9.01,8.82,3502427
2017-05-12,8.8,8.67,8.81,8.5,6282719
2017-05-19,8.7,8.83,8.94,8.69,4523327
2017-05-26,8.8,8.87,8.95,8.68,2761613
2017-06-02,8.85,8.83,9.18,8.61,1443070
2017-06-09,8.82,9.16,9.17,8.82,4159278
2017-06-16,9.16,9.17,9.23,9.11,4592802
2017-06-23,9.18,9.46,9.46,9.14,7238537
2017-06-30,9.44,9.6,9.63,9.44,6154564
2017-07-07,9.59,9.58,9.6,9.4,17874233
2017-07-14,9.55,9.57,9.65,9.46,11237850
2017-07-21,9.56,9.65,9.7,9.01,9303951
2017-07-28,9.63,9.65,9.73,9.5,3298616
2017-08-04,9.62,9.57,9.75,9.56,4270087
2017-08-11,9.54,9.5,9.73,9.47,3099292
2017-08-18,9.49,9.7,9.72,9.49,2465630
2017-08-25,9.74,9.81,9.82,9.71,7285046
2017-09-01,9.79,9.97,10.02,9.79,5405039
2017-09-08,9.97,10.01,10.08,9.97,7251815
2017-09-15,10.01,10.08,10.1,10.01,3643617
2017-09-22,10.06,10.09,10.16,10.04,4226616
2017-09-29,10.09,10.14,10.16,9.96,3950010
2017-10-13,10.15,10.47,10.47,10.15,6156027
2017-10-20,10.46,10.42,10.52,10.36,6006077
2017-10-27,10.37,10.72,10.74,10.37,11091875
2017-11-03,10.71,10.61,10.76,10.55,14024785
2017-11-10,10.59,10.97,10.98,10.54,4768027
2017-11-17,10.96,10.74,11.05,10.68,5394329
2017-11-24,10.65,10.66,11.17,10.48,8014872
2017-12-01,10.65,10.34,10.65,10.27,3882010
2017-12-08,9.94,10.31,10.69,9.94,3049409
2017-12-15,10.33,10.37,10.57,10.33,3121988
2017-12-22,10.49,10.55,10.63,10.33,2618603
2017-12-29,10.55,10.51,10.62,10.37,2086123
2018-01-05,10.49,10.82,10.83,10.49,2929817
2018-01-12,10.81,11.03,11.03,10.76,9561726
2018-01-19,11.03,10.99,11.1,10.89,5768710
2018-01-26,10.99,11.24,11.28,10.86,7404511
2018-02-02,11.18,10.72,11.24,10.54,3583372
2018-02-09,10.7,9.8,10.7,9.75,3372445
2018-02-14,9.9,10.24,10.25,9.88,2153113
2018-02-23,10.38,10.38,10.47,10.28,1245694
2018-03-02,10.38,10.42,10.58,10.28,1677459
2018-03-09,10.43,10.68,10.7,10.35,2627340
2018-03-16,10.75,10.55,10.8,10.55,4160230
2018-03-23,10.55,10.02,10.69,9.94,3920470
2018-03-30,9.88,10.18,10.61,9.86,3613964
2018-04-04,10.15,10.06,10.24,10.0,1297691
2018-04-13,10.05,10.07,10.23,9.98,2684603
2018-04-20,10.03,9.71,10.03,9.68,2936851
2018-04-27,9.88,9.64,9.9,9.56,1482696
2018-05-04,9.66,9.73,9.77,9.57,729298
2018-05-11,9.7,9.99,10.05,9.7,2540443
2018-05-18,10.0,10.08,10.15,9.96,1873251
2018-05-25,10.23,9.84,10.23,9.84,1531218
2018-06-01,10.14,9.73,10.14,9.66,2315335
2018-06-08,9.75,9.79,9.96,9.72,1559581
2018-06-15,9.9,9.75,9.98,9.65,1854380
2018-06-22,9.67,9.18,9.67,9.01,2452693
2018-06-29,9.23,9.1,9.24,8.9,1209833
2018-07-06,9.0,8.65,9.09,8.61,2145773
2018-07-13,8.78,9.02,9.05,8.59,1413525
2018-07-20,9.02,9.01,9.05,8.77,904894
2018-07-27,8.97,9.02,9.16,8.97,2307738
2018-08-03,9.03,8.62,9.12,8.6,1519144
2018-08-10,8.51,8.49,8.53,8.27,2089515
2018-08-17,8.31,8.22,8.51,8.1,1034778
2018-08-24,8.2,8.27,8.39,8.12,894397
2018-08-31,8.37,8.34,8.48,8.2,1403767
2018-09-07,8.3,8.17,8.36,8.1,1422077
2018-09-14,8.01,7.99,8.18,7.9,857711
2018-09-21,8.18,8.23,8.23,7.81,1071524
2018-09-28,8.17,8.26,8.33,8.13,760312
2018-10-12,8.1,7.69,8.15,7.44,1935516
2018-10-19,7.75,7.44,7.75,7.21,1689011
2018-10-26,7.47,7.48,7.83,7.35,1497004
2018-11-02,7.48,7.76,7.76,7.28,1758519
2018-11-09,7.75,7.68,7.77,7.59,2108485
2018-11-16,7.68,7.88,7.9,7.53,2288483
2018-11-23,7.79,7.56,7.93,7.53,1222175
2018-11-30,7.5,7.66,7.79,7.48,1351275
2018-12-07,7.93,7.76,7.93,7.72,1309589
2018-12-14,7.69,7.59,7.76,7.53,1559647
2018-12-21,7.56,7.31,7.62,7.28,1464608
2018-12-28,7.35,7.28,7.5,7.2,2062137
2019-01-04,7.13,7.21,7.27,7.0,1279635
2019-01-11,7.21,7.35,7.44,7.21,1464802
2019-01-18,7.35,7.48,7.5,7.28,1769023
2019-01-25,7.5,7.55,7.57,7.36,889044
2019-02-01,7.56,7.74,7.74,7.41,1877037
2019-02-15,7.78,8.13,8.27,7.75,7153750
2019-02-22,8.13,8.62,8.63,8.13,7295682
2019-03-01,8.75,9.07,9.16,8.75,7484127
2019-03-08,9.11,9.1,9.52,9.0,9565628
2019-03-15,9.09,9.35,9.51,9.09,5474470
2019-03-22,9.28,9.57,9.65,9.28,5484510
2019-03-29,9.36,9.7,9.7,9.21,5847234
2019-04-04,9.75,10.17,10.19,9.75,6946635
2019-04-12,10.22,9.99,10.34,9.91,6042154
2019-04-19,10.23,10.3,10.3,9.83,4691715
2019-04-26,10.3,9.8,10.3,9.75,6631873
2019-04-30,9.76,9.74,9.93,9.64,790568
2019-05-10,9.69,9.33,9.69,9.0,3794617
2019-05-17,9.32,9.11,9.47,9.05,1332006
2019-05-24,9.1,8.96,9.25,8.86,1560490
2019-05-31,9.08,9.08,9.16,8.86,1318761
2019-06-06,9.08,8.83,9.12,8.83,767832
2019-06-14,8.81,9.08,9.24,8.81,1466562
2019-06-21,9.04,9.4,9.42,8.91,1871716
2019-06-28,9.32,9.44,9.5,9.2,1381423
2019-07-05,9.5,9.75,9.83,9.5,2336113
2019-07-12,9.75,9.61,9.75,9.47,1286306
2019-07-19,9.6,9.63,9.73,9.44,678166
2019-07-26,9.62,9.78,9.78,9.56,852619
2019-08-02,9.7,9.55,9.85,9.13,1965246
2019-08-09,9.51,9.33,9.55,8.93,2264791
2019-08-16,9.33,9.51,9.56,9.18,875445
2019-08-23,9.7,9.77,9.81,9.51,1228749
2019-08-30,9.67,9.8,9.89,9.61,1735239
2019-09-06,9.77,10.17,10.21,9.77,3250794
2019-09-12,10.22,10.23,10.29,10.1,2272474
2019-09-20,10.23,10.19,10.24,10.0,2558072
2019-09-27,10.12,9.96,10.18,9.86,3166258
2019-09-30,9.91,9.89,9.99,9.8,753451
2019-10-11,9.89,10.1,10.11,9.84,1715578
2019-10-18,10.16,10.0,10.25,10.0,2664478
2019-10-25,10.0,10.17,10.18,9.9,2173908
2019-11-01,10.2,10.44,10.44,10.18,6865683
2019-11-08,10.45,10.56,10.63,10.45,2997939
2019-11-15,10.54,10.34,10.54,10.3,1984125
2019-11-22,10.3,10.22,10.52,10.11,2484823
2019-11-29,10.22,10.17,10.48,10.13,1071580
2019-12-06,10.16,10.38,10.38,10.12,2522793
2019-12-13,10.38,10.5,10.5,10.29,1991629
2019-12-20,10.51,10.76,10.86,10.49,5160060
2019-12-27,10.76,10.73,10.84,10.54,1956451
2020-01-03,10.74,11.12,11.25,10.68,4304031
2020-01-10,11.12,11.34,11.34,11.04,3234380
2020-01-17,11.33,11.41,11.5,11.3,2052473
2020-01-23,11.36,11.04,11.47,10.9,2361453
2020-02-07,10.25,10.83,10.88,9.95,10085872
2020-02-14,10.75,11.19,11.2,10.73,4365489
2020-02-21,11.25,11.76,11.82,11.21,4792389
2020-02-28,11.7,11.28,11.9,11.26,5581741
2020-03-06,11.23,11.81,11.97,11.23,4429449
2020-03-13,11.82,11.22,11.82,10.29,4042107
2020-03-20,11.22,10.37,11.22,10.16,3682494
2020-03-27,10.36,10.47,10.7,10.0,1621654
2020-04-03,10.25,10.51,10.7,10.25,599364
2020-04-10,10.51,10.7,10.88,10.51,1224042
2020-04-17,10.65,10.81,10.85,10.58,1109510
2020-04-24,10.72,10.77,10.94,10.64,1460470
2020-04-30,10.74,11.08,11.1,10.5,2976550
2020-05-08,11.08,11.35,11.37,11.05,1157526
2020-05-15,11.38,11.27,11.42,11.17,662230
2020-05-22,11.27,11.06,11.42,10.95,1746335
2020-05-29,11.03,11.1,11.18,10.92,720827
2020-06-05,11.15,11.6,11.6,11.15,3007939
2020-06-12,11.66,11.75,11.83,11.52,4470316
2020-06-19,11.66,12.16,12.2,11.61,4064404
2020-06-24,12.13,12.35,12.36,12.07,2175938
2020-07-03,12.35,12.99,12.99,11.92,4301060
2020-07-10,13.01,14.06,14.2,13.01,11286439
2020-07-17,14.06,13.77,14.78,13.5,10331079
2020-07-24,13.78,13.7,14.47,13.62,9190022
2020-07-31,13.7,14.39,14.45,13.55,4697766
2020-08-07,14.5,14.23,14.71,14.0,5657757
2020-08-14,14.23,14.11,14.39,13.72,4327975
2020-08-21,14.2,14.18,14.41,13.97,3362833
2020-08-28,14.18,14.77,14.79,14.18,4024307
2020-09-04,14.8,14.58,15.08,14.4,3433679
2020-09-11,14.58,13.87,14.58,13.56,2703304
2020-09-18,13.97,14.15,14.15,13.69,859362
2020-09-25,14.09,13.85,14.15,13.12,1030138
2020-09-30,13.8,13.96,14.06,13.73,884317
2020-10-09,14.0,14.32,14.32,14.0,487954
2020-10-16,14.3,14.66,14.86,14.3,2600845
2020-10-23,14.69,14.45,14.79,14.35,1111160
2020-10-30,14.21,14.66,14.93,14.07,2630069
2020-11-06,14.62,15.35,15.4,14.62,5177096
2020-11-13,15.35,15.49,15.84,15.25,5338604
2020-11-20,15.48,15.42,15.68,15.16,2043204
2020-11-27,15.27,15.18,15.52,14.81,2879629
2020-12-04,15.18,15.46,15.47,15.09,3956045
2020-12-11,15.41,15.03,15.48,14.96,2415125
2020-12-18,15.09,15.4,15.45,14.99,2540674
2020-12-25,15.4,15.75,15.78,15.31,4911593
2020-12-31,15.71,16.24,16.25,15.7,4217641
2021-01-08,16.26,17.58,17.79,16.26,10376443
2021-01-15,17.61,17.3,18.05,16.98,8492169
2021-01-22,17.19,17.93,17.93,17.12,4409748
2021-01-29,17.9,17.19,18.3,17.02,5926522
2021-02-05,17.19,17.69,17.94,17.03,3270895
2021-02-10,17.63,18.98,18.98,17.62,4857486
2021-02-19,19.24,18.7,19.38,18.1,3112830
2021-02-26,18.7,16.86,18.7,16.75,5491871
2021-03-05,17.12,16.58,17.35,16.13,4313741
2021-03-12,16.58,15.89,16.78,14.9,4764114
2021-03-19,15.64,15.52,15.99,15.21,1739188
2021-03-26,15.52,15.69,15.77,15.05,1641835
2021-04-02,15.69,16.17,16.26,15.54,1895321
2021-04-09,16.3,15.62,16.3,15.6,1048707
2021-04-16,15.62,15.61,15.89,15.3,1276740
2021-04-23,15.56,16.47,16.5,15.48,2105865
2021-04-30,16.47,16.67,16.76,16.15,1920623
2021-05-07,16.55,16.12,16.6,16.1,497616
2021-05-14,16.05,16.3,16.3,15.8,915475
2021-05-21,16.39,16.69,16.82,16.39,1254532
2021-05-28,16.69,17.1,17.3,16.55,1860751
2021-06-04,17.3,17.14,17.3,16.92,976809
2021-06-11,17.01,16.95,17.19,16.84,1992516
2021-06-18,16.95,16.73,16.95,16.4,1057167
2021-06-25,16.72,17.16,17.17,16.54,1827758
2021-07-02,17.06,16.84,17.39,15.62,3109426
2021-07-09,16.83,17.0,17.24,16.67,3337315
2021-07-16,16.94,17.1,17.39,16.94,1971227
2021-07-23,16.93,17.16,17.42,16.8,2165539
2021-07-30,17.03,16.36,17.11,15.66,2385349
2021-08-06,16.36,16.69,16.91,16.21,1804799
2021-08-13,16.6,16.58,16.99,16.5,1069734
2021-08-20,16.55,16.0,16.57,15.88,938821
2021-08-27,16.0,16.1,16.51,16.0,940739
2021-09-03,16.03,15.69,16.19,15.6,2239960
2021-09-10,15.66,16.29,16.37,15.65,1156579
2021-09-17,16.29,15.93,16.3,15.52,1048761
2021-09-24,15.58,15.9,16.0,15.58,429036
2021-09-30,15.9,16.11,16.18,15.85,930447
2021-10-08,16.2,16.31,16.34,16.2,466393
2021-10-15,16.31,16.39,16.39,15.92,1007050
2021-10-22,16.1,16.5,16.58,16.1,719307
2021-10-29,16.5,16.49,16.74,16.2,867203
2021-11-05,16.43,16.43,16.56,16.23,950116
2021-11-12,16.49,16.58,16.62,16.18,962714
2021-11-19,16.57,16.62,16.62,16.4,918836
2021-11-26,16.58,16.62,16.8,16.58,1125608
2021-12-03,16.59,16.7,16.77,16.49,618720
2021-12-10,16.69,17.06,17.13,16.46,2013908
2021-12-17,17.2,16.79,17.28,16.79,1270728
2021-12-24,16.78,16.6,16.8,16.44,963044
2021-12-31,16.6,16.69,16.72,16.45,778072
2022-01-07,16.69,16.18,16.72,16.1,668557
2022-01-14,16.12,15.95,16.29,15.81,525591
2022-01-21,16.0,15.94,16.51,15.86,355991
2022-01-28,15.9,15.35,16.21,15.23,956722
2022-02-11,15.61,15.02,15.61,14.93,711718
2022-02-18,15.02,15.19,15.24,14.85,419899
2022-02-25,15.07,15.06,15.19,14.85,394474
2022-03-04,15.02,14.57,15.13,14.51,740304
2022-03-11,14.42,14.08,14.43,13.2,1155455
2022-03-18,13.7,13.95,14.08,13.0,849245
2022-03-25,13.94,13.6,14.18,13.59,312082
2022-04-01,13.49,13.86,13.89,13.31,308171
2022-04-08,13.86,13.67,13.86,13.48,335106
2022-04-15,13.43,13.39,13.46,13.16,728276
2022-04-22,13.28,12.83,13.42,12.61,843004
2022-04-29,12.5,12.93,12.94,11.95,1626834
2022-05-06,12.9,12.58,12.98,12.51,311829
2022-05-13,12.55,12.87,13.03,12.18,599584
2022-05-20,12.95,13.19,13.19,12.73,277178
2022-05-27,13.27,12.82,13.27,12.7,550221
2022-06-02,12.76,13.32,13.4,11.54,386052
2022-06-10,13.39,13.78,13.97,13.39,789087
2022-06-17,13.51,14.13,14.14,13.36,855282
2022-06-24,14.18,14.58,14.58,14.05,1115819
2022-07-01,14.43,14.87,14.95,14.43,1208152
2022-07-08,14.9,14.98,15.05,14.73,658176
2022-07-15,14.88,14.47,14.88,14.27,406462
2022-07-22,14.23,14.25,14.54,14.15,282325
2022-07-29,14.42,14.08,14.46,14.05,115512
2022-08-05,14.05,14.06,14.32,13.79,577133
2022-08-12,14.05,14.15,14.2,13.89,288150
2022-08-19,14.12,14.16,14.36,14.1,254179
2022-08-26,14.15,13.9,14.27,13.78,423817
2022-09-02,13.75,13.54,13.84,13.54,357671
2022-09-09,13.55,13.62,13.63,13.36,183956
2022-09-16,13.61,13.2,13.69,13.03,239868
2022-09-23,13.02,12.83,13.18,12.71,267746
2022-09-30,12.61,12.63,13.25,12.52,425751
2022-10-14,12.69,12.8,13.3,12.19,691876
2022-10-21,12.8,12.75,13.06,12.41,414679
2022-10-28,12.58,12.01,12.63,12.01,302794
2022-11-04,13.09,12.6,13.09,11.71,756834
2022-11-11,12.6,12.6,12.95,12.24,257264
2022-11-18,12.54,12.69,12.8,12.45,365891
2022-11-25,12.4,12.55,12.55,12.3,146574
2022-12-02,12.59,12.7,12.84,12.01,404130
2022-12-09,12.78,13.13,13.15,12.78,907955
2022-12-16,13.01,12.96,13.06,12.81,130771
2022-12-23,13.04,12.59,13.04,12.52,439886
2022-12-30,12.61,12.79,12.85,12.61,311424
2023-01-06,12.52,13.16,13.17,12.52,398740
2023-01-13,13.17,13.46,13.46,13.17,499383
2023-01-20,13.46,13.85,13.91,13.46,587227
2023-02-03,14.04,13.86,14.17,13.71,610504
2023-02-10,13.64,13.74,13.79,13.58,224849
2023-02-17,13.96,13.41,13.96,13.4,265090
2023-02-24,13.4,13.43,13.66,13.35,518817
2023-03-03,13.36,13.5,13.59,13.25,282185
2023-03-10,13.32,13.09,13.49,13.02,309451
2023-03-17,12.99,12.83,13.06,12.7,332622
2023-03-24,12.77,13.16,13.17,12.77,301731
2023-03-31,13.07,13.29,13.31,13.07,220105
2023-04-07,13.36,13.48,13.49,13.29,2541840
2023-04-14,13.46,13.26,13.46,13.17,435291
2023-04-21,13.35,12.94,13.36,12.94,270435
2023-04-28,12.93,12.8,12.93,12.53,364354
2023-05-05,12.78,12.63,12.78,12.6,66724
2023-05-12,12.63,12.53,12.74,12.49,358426
2023-05-19,12.5,12.52,12.68,12.5,200198
2023-05-26,12.5,12.41,12.63,12.19,240326
2023-06-02,12.25,12.39,12.39,12.01,474934
2023-06-09,12.25,12.14,12.27,12.01,247608
2023-06-16,12.1,12.78,12.78,12.1,427653
2023-06-21,12.66,12.58,12.74,12.58,220243
2023-06-30,12.48,12.5,12.62,12.24,117679
2023-07-07,12.6,12.38,12.67,12.35,228327
2023-07-14,12.47,12.62,12.72,12.41,896615
2023-07-21,12.59,12.35,12.59,12.34,318016
2023-07-28,12.34,12.8,12.83,12.26,370903
2023-08-04,12.84,12.96,13.09,12.74,666164
2023-08-11,12.88,12.58,12.89,12.58,142113
2023-08-18,12.45,12.21,12.52,12.13,400871
2023-08-25,12.2,11.87,12.3,11.84,501512
2023-09-01,13.02,12.2,13.02,11.99,525837
2023-09-08,13.25,11.95,13.25,11.88,300585
2023-09-15,11.9,11.87,13.08,11.78,692496
2023-09-22,11.78,11.83,11.93,11.65,402861
2023-09-28,11.67,11.74,11.85,11.67,316936
2023-10-13,11.74,11.67,11.84,11.63,347132
2023-10-20,11.67,11.24,11.7,11.24,225426
2023-10-27,11.3,11.22,11.45,11.0,253656
2023-11-03,11.32,11.4,11.48,11.25,127148
2023-11-10,11.48,11.61,11.64,11.42,316310
2023-11-17,11.72,11.43,11.72,11.4,439337
2023-11-24,11.43,11.33,11.63,11.0,250121
2023-12-01,11.3,11.01,11.33,10.9,509299
2023-12-08,11.04,10.8,11.04,10.68,305891
2023-12-15,10.8,10.67,10.99,10.65,647885
2023-12-22,10.67,10.65,10.8,10.39,194096
2023-12-29,10.75,10.84,10.89,10.49,229583
2024-01-05,10.84,10.4,10.84,10.4,238181
2024-01-12,10.38,10.29,10.53,10.24,757466
2024-01-19,10.2,10.17,10.31,9.95,1386956
2024-01-26,10.17,10.18,10.26,9.9,1673882
2024-02-02,10.18,9.72,10.2,9.57,2015919
2024-02-08,9.72,10.34,10.34,9.32,522555
2024-02-23,10.34,10.55,10.64,10.29,421171
2024-03-01,10.56,10.93,10.97,10.5,906800
2024-03-08,10.92,10.88,10.94,10.75,342055
2024-03-15,10.81,11.1,11.21,10.81,693518
2024-03-22,11.11,11.07,11.24,10.99,385670
2024-03-29,11.0,10.92,11.05,10.85,98662
2024-04-03,11.05,11.09,11.2,11.03,199394
2024-04-12,11.09,10.72,11.09,10.7,234762
2024-04-19,10.77,10.79,11.01,10.74,115923
2024-04-26,10.78,10.98,10.99,10.7,109916
2024-04-30,11.09,11.12,11.28,11.09,160417
2024-05-10,11.29,11.29,11.51,11.19,434526
2024-05-17,11.28,11.3,11.48,11.17,207609
2024-05-24,11.3,11.09,11.42,11.09,237927
2024-05-31,11.09,11.03,11.14,10.99,151687
2024-06-07,10.89,10.94,11.4,10.82,441868
2024-06-14,11.04,10.84,11.04,10.81,38900
2024-06-21,10.77,10.79,10.95,10.69,257634
2024-06-28,10.72,10.52,10.84,10.51,386984
2024-07-05,10.47,10.34,10.57,10.26,259191
2024-07-12,10.3,10.57,10.58,10.22,669682
2024-07-19,10.51,10.78,10.78,10.51,393157
2024-07-26,10.69,10.37,10.69,10.22,225424
2024-08-02,10.33,10.29,10.48,10.16,504843
2024-08-09,10.27,10.14,10.29,10.03,459140
2024-08-16,10.12,10.02,10.15,9.98,407895
2024-08-23,10.1,9.93,10.11,9.83,194990
2024-08-30,9.94,10.14,10.19,9.76,422825
2024-09-06,10.05,9.88,10.09,9.88,205850
2024-09-13,9.72,9.74,9.88,9.7,130636
2024-09-20,9.75,9.84,10.06,9.64,135572
2024-09-27,10.12,11.48,11.68,9.84,1512285
2024-09-30,11.59,12.62,12.63,11.59,1323902
2024-10-11,13.88,12.38,13.88,12.0,4136938
2024-10-18,12.38,12.22,12.52,11.78,924659
2024-10-25,12.17,12.49,12.61,12.17,680005
2024-11-01,12.49,12.2,12.53,12.17,1035241
2024-11-08,12.05,12.85,13.58,12.05,2897940
2024-11-15,12.8,12.63,13.41,12.63,1798045
2024-11-22,12.48,12.23,12.67,12.2,346380
2024-11-29,12.18,12.39,12.5,11.96,411155
2024-12-06,12.38,12.47,12.55,12.23,301673
2024-12-13,12.49,12.37,12.8,12.36,1725840
2024-12-20,12.35,12.28,12.41,12.12,212589
2024-12-27,12.23,12.44,12.44,12.23,154154
2025-01-03,12.35,11.76,12.45,11.76,316388
2025-01-10,11.77,11.61,11.84,11.55,193435
2025-01-17,11.55,11.92,12.2,11.49,230289
2025-01-24,12.12,12.05,12.22,11.84,268894
2025-01-27,12.04,11.97,12.04,11.96,39270
2025-02-07,12.16,12.2,12.49,11.74,298827
2025-02-14,12.2,12.32,12.4,12.11,387994
2025-02-21,12.35,12.59,12.59,12.21,869398
2025-02-28,12.58,12.2,12.6,12.2,530957
2025-03-07,12.2,12.32,12.4,12.04,239095
2025-03-14,12.32,12.46,12.46,12.14,362479
2025-03-21,12.39,12.18,12.51,12.18,512373
2025-03-28,12.18,12.37,12.37,12.15,126028
2025-04-03,12.15,12.01,12.23,12.01,100342
2025-04-11,12.0,11.35,12.1,11.0,532648
2025-04-18,11.37,11.27,11.5,11.17,133019
2025-04-25,11.31,11.5,11.52,11.31,69076
2025-04-30,11.52,11.41,11.79,11.32,70474
2025-05-09,12.19,11.71,12.19,11.41,218179
2025-05-16,11.78,11.8,12.05,11.71,119793
2025-05-23,11.72,11.89,12.02,11.72,434533
2025-05-30,11.8,11.68,11.8,11.6,604925
2025-06-06,11.57,11.74,11.83,11.57,265246
2025-06-13,11.81,11.75,11.88,11.66,740760
2025-06-20,11.68,11.67,11.78,11.63,255016
2025-06-27,11.61,11.97,12.02,11.59,893305
2025-07-04,12.01,12.12,12.21,11.94,1642032
2025-07-11,12.08,12.33,12.39,12.0,627419
2025-07-18,12.27,12.55,12.63,12.27,517464
2025-07-25,12.55,12.84,12.93,12.55,1100622
2025-08-01,12.83,12.59,13.0,12.57,553967
2025-08-08,12.57,12.75,12.79,12.56,207628
2025-08-15,12.79,13.24,13.28,12.78,1503883
2025-08-22,13.27,13.91,13.93,13.27,2036469
2025-08-29,13.89,14.67,14.7,13.89,4933038
2025-09-05,14.59,14.6,14.82,13.94,2738085
2025-09-12,14.56,14.86,15.0,14.35,1153065
2025-09-19,14.93,15.12,15.29,14.81,1445639
2025-09-26,15.04,15.42,15.66,14.91,1392813
2025-09-30,15.42,15.66,15.75,15.37,567316
2025-10-10,15.65,15.44,16.05,15.44,1491449
2025-10-17,15.16,14.83,15.45,14.65,1246735
2025-10-24,14.96,15.5,15.51,14.87,3171254
2025-10-31,15.6,15.57,15.97,15.53,1410354
2025-11-07,15.55,15.53,15.65,15.02,1097066
2025-11-14,15.53,15.29,15.56,15.23,511359
2025-11-21,15.3,14.69,15.3,14.69,636066
2025-11-28,14.68,15.02,15.26,14.5,688605
2025-12-05,15.06,15.3,15.32,15.0,537479
2025-12-12,15.35,15.34,15.64,15.21,455604
2025-12-19,15.42,15.21,15.43,14.91,357527
2025-12-26,15.35,15.55,15.7,15.24,2328861
2025-12-31,15.5,15.38,15.59,15.37,496091
2026-01-09,15.5,15.64,15.85,15.5,1834478
2026-01-16,15.64,15.77,15.98,15.56,1833906
2026-01-22,15.68,15.69,15.84,15.53,858993
