日期,开盘,最高,最低,收盘,成交量,股票代码,成交额
2015-09-02,12.47,13.9,12.47,12.47,17540554,,223944768.0
2015-09-07,12.7,13.23,12.46,12.67,12085156,,155240656.0
2015-09-08,12.51,13.54,11.91,13.42,14964060,,190201616.0
2015-09-09,13.43,14.25,13.36,14.06,19284316,,266452128.0
2015-09-10,13.6,13.98,13.35,13.51,12966142,,177901552.0
2015-09-11,13.55,14.0,13.52,13.94,13031492,,179796400.0
2015-09-14,14.11,14.23,12.55,12.55,14771348,,196532144.0
2015-09-15,11.95,12.07,11.3,11.3,10309479,,119174832.0
2015-09-16,11.4,12.43,11.16,12.43,13543919,,159931552.0
2015-09-17,12.4,12.98,12.0,12.0,13383860,,167768896.0
2015-09-18,12.18,12.42,11.81,12.28,8614924,,104586320.0
2015-09-21,12.4,13.51,12.29,13.51,17239485,,226704656.0
2015-09-22,13.98,14.39,13.37,13.74,26998277,,373050080.0
2015-09-23,13.31,13.7,13.11,13.4,14026290,,187652384.0
2015-09-24,13.45,13.89,13.42,13.71,14476585,,197694144.0
2015-09-25,13.58,13.81,12.57,12.92,12736440,,168537616.0
2015-09-28,12.94,13.76,12.58,13.51,12237074,,161127744.0
2015-09-29,13.15,13.28,12.8,13.0,10317676,,134848096.0
2015-09-30,13.15,13.39,13.0,13.17,9598485,,126839656.0
2015-10-08,13.8,14.49,13.45,14.49,16536826,,231742288.0
2015-10-09,14.8,14.83,14.09,14.56,25590276,,370103104.0
2015-10-12,14.66,15.88,14.54,15.65,26300824,,400525632.0
2015-10-13,15.45,16.45,15.15,16.26,26064788,,412046112.0
2015-10-14,15.92,16.15,15.41,15.51,20241217,,318537632.0
2015-10-15,15.36,16.12,15.32,16.01,18014566,,285045728.0
2015-10-16,16.02,16.39,15.5,16.28,25109244,,401193632.0
2015-10-19,16.44,16.46,15.58,15.8,18708003,,299684064.0
2015-10-20,15.8,17.18,15.65,16.8,28329500,,468653664.0
2015-10-21,16.91,18.48,16.87,17.49,53660904,,949830784.0
2015-10-22,19.24,19.24,19.24,19.24,7856091,,151151184.0
2015-10-23,21.16,21.16,21.16,21.16,1992130,,42153472.0
2015-10-26,23.28,23.28,23.28,23.28,3433808,,79939048.0
2015-10-27,25.61,25.61,25.14,25.61,80116812,,2049435776.0
2015-10-28,27.44,28.17,27.1,28.17,70658951,,1972884864.0
2015-10-29,28.0,30.99,27.6,30.0,94767517,,2804239104.0
2015-10-30,29.43,31.88,28.77,29.01,85985896,,2578579968.0
2015-11-02,27.44,30.68,27.4,29.51,78742484,,2298656768.0
2015-11-03,29.5,30.59,27.61,29.35,77390978,,2257240832.0
2015-11-04,29.57,32.29,28.78,30.7,92138637,,2828703488.0
2015-11-05,29.53,32.36,29.24,31.78,76741882,,2332980224.0
2015-11-06,31.17,32.99,31.0,31.08,69871560,,2221077248.0
2015-11-09,30.11,32.19,29.5,31.3,56292177,,1739724288.0
2015-11-10,30.99,34.38,30.98,31.6,62869525,,2043320832.0
2015-11-11,30.5,32.6,30.11,31.92,48212748,,1514236928.0
2015-11-12,32.56,34.88,31.12,33.9,64985676,,2131047040.0
2015-11-13,32.62,33.1,30.64,30.88,46745528,,1501747200.0
2015-11-16,30.5,31.09,29.5,30.85,29098564,,886736000.0
2015-11-17,31.28,32.3,30.78,31.12,39601358,,1241610240.0
2015-11-18,30.95,31.24,29.1,29.19,28876148,,868205952.0
2015-11-19,29.3,30.49,28.9,30.23,26428896,,782598464.0
2015-11-20,29.9,30.49,29.54,29.85,25633156,,768442816.0
2015-11-23,30.4,31.5,30.01,30.55,32926396,,1013177344.0
2015-11-24,30.37,31.94,30.3,31.27,29157621,,909407680.0
2015-11-25,31.0,34.4,30.68,34.4,77869618,,2618601984.0
2015-11-26,33.79,33.98,31.48,31.5,61549349,,2012918272.0
2015-11-27,31.4,31.44,28.35,28.35,43875757,,1294384128.0
2015-11-30,28.88,29.49,27.11,29.05,31209259,,883763648.0
2015-12-01,28.95,28.95,26.68,27.23,23447599,,655417152.0
2015-12-02,27.45,27.66,25.05,26.38,18467638,,485990368.0
2015-12-03,26.5,27.25,26.37,27.07,16791033,,450551648.0
2015-12-04,27.62,28.98,27.52,27.63,29293824,,824179456.0
2015-12-07,27.39,27.99,26.67,27.77,19298597,,528635968.0
2015-12-08,27.35,27.74,26.26,26.32,20098916,,540139712.0
2015-12-09,25.95,27.25,25.68,26.36,17873079,,472310624.0
2015-12-10,26.37,26.79,25.86,26.3,18171461,,478811392.0
2015-12-11,26.0,26.44,25.12,25.23,14502789,,372771232.0
2015-12-14,24.89,25.92,24.84,25.77,11853004,,301188640.0
2015-12-15,26.05,27.18,25.98,26.25,17656718,,469210432.0
2015-12-16,26.06,26.77,25.85,26.2,16886536,,443186400.0
2015-12-17,26.56,27.5,26.27,27.17,26966915,,729675776.0
2015-12-18,27.18,27.83,26.66,26.87,19677819,,533336384.0
2015-12-21,27.1,27.65,26.61,27.24,21267625,,578535232.0
2015-12-22,27.32,27.5,26.6,26.88,13882357,,373214752.0
2015-12-23,26.92,28.3,26.5,27.19,29193790,,800416128.0
2015-12-24,26.9,26.97,25.62,26.33,18620362,,489286368.0
2015-12-25,26.1,26.69,26.1,26.29,10054865,,265240464.0
2015-12-28,26.4,26.82,25.5,25.59,14221346,,372461248.0
2015-12-29,25.59,25.67,24.52,25.28,14247012,,355585152.0
2015-12-30,25.36,25.77,25.2,25.63,11705441,,297948608.0
2015-12-31,25.37,25.63,24.68,24.7,10137886,,254413696.0
2016-01-04,24.68,24.81,22.23,22.24,10187387,,235493888.0
2016-01-05,20.8,21.87,20.02,20.46,16656515,,346549568.0
2016-01-06,20.8,21.28,20.5,21.28,14445910,,302563776.0
2016-01-07,20.8,20.8,19.15,19.15,3889900,,77055192.0
2016-01-08,19.8,19.97,17.8,18.9,14905807,,284156352.0
2016-01-11,18.9,19.81,18.0,18.98,23585811,,453049248.0
2016-01-12,19.43,20.31,19.1,20.31,27293987,,541596800.0
2016-01-13,20.25,20.25,18.28,18.28,24658063,,478764928.0
2016-01-14,17.0,19.14,16.75,18.88,21024697,,376872608.0
2016-01-15,18.4,18.67,17.15,17.32,16798597,,301890112.0
2016-01-18,16.95,18.32,16.72,17.86,15054163,,267954464.0
2016-01-19,17.81,19.65,17.62,19.65,23495204,,437976608.0
2016-01-20,19.6,20.3,18.98,19.73,28751795,,560027840.0
2016-01-21,19.03,19.64,18.01,18.05,20052424,,382132800.0
2016-01-22,18.42,18.89,17.7,18.7,16570018,,304497248.0
2016-01-25,18.75,19.37,18.7,19.35,16174160,,308571520.0
2016-01-26,19.0,19.04,17.42,17.42,14752281,,269423744.0
2016-01-27,17.5,17.57,15.88,16.96,13792464,,230335952.0
2016-01-28,16.73,17.15,15.7,15.88,11536021,,190997664.0
2016-01-29,15.95,17.47,15.8,16.95,16249779,,273168096.0
2016-02-01,17.1,17.2,16.46,16.85,11132184,,188074528.0
2016-02-02,16.8,17.81,16.6,17.42,13641647,,238292912.0
2016-02-03,17.1,18.2,16.67,17.83,15611789,,271002112.0
2016-02-04,17.68,18.25,17.66,18.0,14365053,,258151664.0
2016-02-05,18.24,18.45,17.61,17.63,9953241,,178734752.0
2016-02-15,16.65,17.52,16.65,17.25,7796961,,133593616.0
2016-02-16,17.32,18.53,17.32,18.39,14469189,,262205536.0
2016-02-17,18.3,19.3,18.22,18.81,20053887,,376641664.0
2016-02-18,19.0,20.3,18.51,19.29,29478214,,570005056.0
2016-02-19,19.01,19.18,18.68,18.96,18532883,,350633440.0
2016-02-22,19.3,19.81,19.02,19.8,23172777,,449901568.0
2016-02-23,19.85,19.85,18.81,19.5,18921020,,365868640.0
2016-02-24,20.25,21.13,19.26,19.6,26514713,,530130176.0
2016-02-25,19.1,19.33,17.64,17.64,21924212,,403583328.0
2016-02-26,17.5,17.76,16.38,16.97,16327732,,278970496.0
2016-02-29,16.71,16.79,15.27,15.27,13836357,,216455552.0
2016-03-01,15.28,15.98,14.88,15.75,11912141,,184236416.0
2016-03-02,15.68,16.65,15.6,16.58,15551462,,250858736.0
2016-03-03,16.5,18.24,16.5,17.65,29585846,,519259104.0
2016-03-04,17.15,17.48,16.0,16.26,20122360,,338221280.0
2016-03-07,16.5,17.0,16.32,16.54,10439054,,174099696.0
2016-03-08,16.48,16.98,15.31,16.75,13872962,,223933472.0
2016-03-09,16.2,18.0,15.91,16.69,19884953,,340571168.0
2016-03-10,16.5,17.1,16.0,16.06,12756277,,208033424.0
2016-03-11,15.75,16.25,15.6,15.92,7944448,,126087464.0
2016-03-14,16.3,16.93,16.17,16.63,13453768,,224061584.0
2016-03-15,16.58,16.85,16.38,16.52,10654789,,176814496.0
2016-03-16,16.68,16.83,15.92,16.16,8859584,,144624832.0
2016-03-17,16.17,17.0,16.1,16.85,16058091,,267947872.0
2016-03-18,16.91,18.44,16.91,17.92,26796848,,471382656.0
2016-03-21,18.28,19.18,18.11,18.64,29161021,,542310144.0
2016-03-22,18.39,19.28,18.04,18.64,26098985,,492061792.0
2016-03-23,18.31,18.7,18.01,18.56,19119188,,350475680.0
2016-03-24,18.33,19.2,17.92,18.28,20148920,,372031360.0
2016-03-25,18.1,18.49,17.9,18.3,13408104,,244317312.0
2016-03-28,18.63,18.79,17.79,17.9,15255696,,279442368.0
2016-03-29,17.7,17.95,17.1,17.26,12736013,,222490976.0
2016-03-30,17.48,18.11,17.34,18.11,13888274,,246512688.0
2016-03-31,18.13,18.84,18.0,18.59,23022551,,423116224.0
2016-04-01,18.4,18.41,17.5,17.88,17206138,,307724160.0
2016-04-05,17.92,18.6,17.77,18.43,15207394,,277763712.0
2016-04-06,18.43,19.2,18.3,19.08,27533227,,518693248.0
2016-04-07,19.08,19.13,18.3,18.3,20703422,,385422752.0
2016-04-08,18.05,18.18,17.68,18.0,14044992,,251992464.0
2016-04-11,18.28,19.1,18.16,18.78,19751209,,369370240.0
2016-04-12,18.78,18.93,18.15,18.49,15800679,,292975520.0
2016-04-13,18.59,19.99,18.59,19.51,33589963,,644112640.0
2016-04-14,19.3,19.74,19.02,19.41,22135469,,426954912.0
2016-04-15,19.41,19.6,18.91,19.1,16455260,,315530912.0
2016-04-18,18.97,18.97,18.32,18.42,13622700,,252059536.0
2016-04-19,18.65,18.69,18.31,18.61,9919557,,183675824.0
2016-04-20,18.61,18.68,16.88,17.1,20546208,,362450752.0
2016-04-21,17.1,17.33,16.52,16.67,11157114,,189851744.0
2016-04-22,16.51,17.07,16.33,16.93,8019466,,134666592.0
2016-04-25,16.74,17.06,16.5,16.88,6220002,,104225008.0
2016-04-26,16.95,17.09,16.74,17.03,6335454,,107259872.0
2016-04-27,17.05,17.16,16.71,16.77,6639728,,112427296.0
2016-04-28,16.77,16.92,16.1,16.75,7362792,,121638520.0
2016-04-29,16.62,16.76,16.5,16.58,4810784,,79941096.0
2016-05-03,16.64,17.24,16.51,17.15,8022117,,136380544.0
2016-05-04,17.15,17.32,17.02,17.22,8553746,,146918656.0
2016-05-05,17.15,17.24,16.93,17.16,6554495,,112032720.0
2016-05-06,17.29,17.47,16.26,16.3,10895257,,184036496.0
2016-05-09,16.09,16.25,15.26,15.45,8229672,,128652200.0
2016-05-10,15.61,15.69,15.39,15.55,4540648,,70604184.0
2016-05-11,15.68,15.79,15.38,15.45,5076962,,79210472.0
2016-05-12,15.2,15.3,14.71,15.3,5030228,,75936064.0
2016-05-13,15.18,15.48,14.98,15.1,4559683,,69472976.0
2016-05-16,15.06,15.38,15.01,15.38,4094147,,62271312.0
2016-05-17,15.49,16.92,15.21,16.92,17720437,,288675008.0
2016-05-18,16.6,17.68,16.35,17.27,38920471,,674447232.0
2016-05-19,16.85,17.99,16.82,17.55,34736327,,607582144.0
2016-05-20,17.3,17.69,17.01,17.45,20501164,,354579520.0
2016-05-23,17.47,17.73,17.21,17.73,20910758,,365303584.0
2016-05-24,17.51,17.6,16.91,17.17,15558450,,267969456.0
2016-05-25,17.4,17.56,16.88,16.96,14516684,,249958128.0
2016-05-26,16.7,16.91,15.78,16.74,18288560,,298786400.0
2016-05-27,16.6,16.8,16.42,16.5,10940117,,181286128.0
2016-05-30,16.41,17.02,16.1,16.59,12665664,,211767360.0
2016-05-31,16.49,17.66,16.43,17.57,19578501,,337082528.0
2016-06-01,17.62,18.05,17.51,17.59,22389740,,397673888.0
2016-06-02,17.4,18.15,17.33,17.99,20716116,,367849440.0
2016-06-03,17.99,18.6,17.52,18.19,27820052,,503539776.0
2016-06-06,18.09,18.8,17.91,18.69,28522390,,525712352.0
2016-06-07,18.7,18.72,18.3,18.4,19046454,,351402016.0
2016-06-08,18.3,18.54,17.86,18.24,15569738,,282583296.0
2016-06-13,17.6,18.43,17.0,17.05,16537825,,294926368.0
2016-06-14,16.88,17.19,16.56,16.75,10753094,,181135456.0
2016-06-15,16.6,17.55,16.5,17.41,13458472,,231918592.0
2016-06-16,17.35,17.67,17.12,17.52,14485810,,251632352.0
2016-06-17,17.56,18.88,17.49,18.14,22976357,,420213792.0
2016-07-13,19.95,19.95,19.95,19.95,1343575,,26804322.0
2016-07-14,21.0,21.0,19.84,19.89,38559603,,785106944.0
2016-07-15,19.81,19.81,19.12,19.21,21375958,,414778976.0
2016-07-18,19.2,19.98,19.01,19.53,17420749,,340208128.0
2016-07-19,19.26,19.4,18.89,19.15,14618904,,279258848.0
2016-07-20,19.16,19.67,18.9,19.19,13758662,,266387952.0
2016-07-21,19.01,19.28,18.94,19.05,9984281,,190713120.0
2016-07-22,19.1,19.39,18.96,19.08,9931438,,190128832.0
2016-07-25,19.09,19.18,18.58,18.6,9776385,,183637744.0
2016-07-26,18.7,19.08,18.69,18.82,7961091,,150156544.0
2016-07-27,18.69,18.89,17.0,17.33,16163925,,290684352.0
2016-07-28,17.28,17.28,16.42,16.83,11057462,,186700016.0
2016-07-29,16.83,17.25,16.73,16.95,7545422,,128310208.0
2016-08-01,16.95,17.0,16.5,16.71,5934133,,98887784.0
2016-08-02,16.7,16.93,16.65,16.8,3715075,,62432384.0
2016-08-03,16.8,17.49,16.8,17.12,8629168,,148623888.0
2016-08-04,17.02,17.21,16.95,17.1,5664229,,96671320.0
2016-08-05,17.1,17.15,16.8,16.8,5326680,,90057552.0
2016-08-08,16.7,16.94,16.48,16.92,4547070,,75947960.0
2016-08-09,16.92,17.18,16.89,17.16,5751804,,98400592.0
2016-08-10,17.26,18.56,17.13,18.03,17738431,,316567360.0
2016-08-11,17.85,17.96,17.37,17.38,10024178,,176396160.0
2016-08-12,17.46,19.12,17.39,19.12,24122630,,449170144.0
2016-08-15,19.96,19.99,19.04,19.66,46460062,,910397888.0
2016-08-16,19.57,21.5,19.36,20.96,54221326,,1103849728.0
2016-08-17,20.38,20.59,19.78,20.11,33268143,,670072768.0
2016-08-18,19.96,20.95,19.58,20.13,28858949,,584702144.0
2016-08-19,19.92,19.97,19.35,19.66,19871510,,389513440.0
2016-08-22,19.95,20.1,19.15,19.16,20360242,,397697728.0
2016-08-23,19.0,19.08,18.63,18.88,14436856,,271961376.0
2016-08-24,18.94,19.1,18.75,18.9,9259862,,175237680.0
2016-08-25,18.79,19.3,18.38,19.15,13098087,,246957392.0
2016-08-26,19.15,19.39,18.94,18.98,10927814,,208995376.0
2016-08-29,19.0,19.44,18.75,18.9,9268402,,176914208.0
2016-08-30,18.71,19.39,18.71,19.21,12299976,,235659008.0
2016-08-31,19.07,19.15,18.8,18.96,7486071,,141978448.0
2016-09-01,19.02,19.08,18.51,18.52,8409978,,157739024.0
2016-09-02,18.36,18.51,18.23,18.42,6878389,,126342352.0
2016-09-05,18.44,18.68,18.28,18.34,6019179,,111201672.0
2016-09-06,18.43,18.76,18.24,18.72,8553889,,158697152.0
2016-09-07,18.78,19.59,18.66,19.42,18687679,,357541056.0
2016-09-08,19.27,19.77,19.17,19.66,19886048,,388574944.0
2016-09-09,19.72,19.72,19.09,19.15,11553624,,223624416.0
2016-09-12,18.68,18.7,17.86,18.07,16137162,,294476160.0
2016-09-13,18.11,18.23,17.86,17.98,6763042,,121945592.0
2016-09-14,17.65,17.74,17.33,17.46,9677139,,168849920.0
2016-09-19,17.46,17.65,17.41,17.65,4358514,,76609080.0
2016-09-20,17.65,18.14,17.61,17.89,7235859,,129686304.0
2016-09-21,17.9,17.93,17.53,17.6,6880389,,121446488.0
2016-09-22,17.72,17.83,17.64,17.68,4604356,,81560624.0
2016-09-23,17.7,17.82,17.44,17.44,4467523,,78615184.0
2016-09-26,17.4,17.4,16.94,16.95,5254218,,89896088.0
2016-09-27,17.05,17.36,17.0,17.26,4463099,,76633920.0
2016-09-28,17.28,17.4,17.16,17.25,3091129,,53371160.0
2016-09-29,17.25,17.4,17.1,17.13,4050080,,69836016.0
2016-09-30,17.2,17.21,17.04,17.18,3249445,,55650580.0
2016-10-10,17.33,17.82,17.25,17.69,6530168,,114928568.0
2016-10-11,17.8,17.8,17.57,17.7,5091767,,89959176.0
2016-10-12,17.8,18.84,17.8,18.39,15828278,,291293024.0
2016-10-13,18.15,18.56,18.02,18.26,9041828,,164512032.0
2016-10-14,18.27,18.27,18.01,18.1,5194168,,94009936.0
2016-10-17,18.1,18.23,17.7,17.72,6361999,,114039624.0
2016-10-18,17.72,17.97,17.65,17.95,4634694,,82729312.0
2016-10-19,17.91,18.12,17.81,17.93,4330734,,77775632.0
2016-10-20,17.98,18.04,17.8,17.89,4074207,,72938872.0
2016-10-21,17.93,18.33,17.71,18.32,13050717,,236274320.0
2016-10-24,18.31,18.55,18.08,18.38,10810429,,197764176.0
2016-10-25,18.6,18.85,18.22,18.29,10948944,,202794240.0
2016-10-26,18.7,20.0,18.65,19.04,30730517,,589839616.0
2016-10-27,18.68,18.87,18.38,18.4,13431075,,248506528.0
2016-10-28,18.32,18.42,18.0,18.0,9470497,,172086000.0
2016-10-31,17.96,18.19,17.84,18.15,5171371,,93354904.0
2016-11-01,18.18,18.28,18.01,18.24,6290126,,114109248.0
2016-11-02,18.15,18.54,18.05,18.35,11666929,,213775008.0
2016-11-03,18.18,18.67,18.18,18.41,12163706,,223914000.0
2016-11-04,18.43,18.53,18.05,18.1,8443175,,153848832.0
2016-11-07,18.12,18.15,17.9,17.92,6249691,,112215656.0
2016-11-08,17.88,18.19,17.88,18.1,4792305,,86571080.0
2016-11-09,18.03,18.14,17.42,17.7,7611037,,135594832.0
2016-11-10,17.91,17.98,17.8,17.84,4687314,,83743616.0
2016-11-11,17.89,17.89,17.65,17.78,6512094,,115420672.0
2016-11-14,17.85,18.12,17.8,18.11,6927488,,124463840.0
2016-11-15,18.12,18.29,17.9,18.21,6478030,,117030768.0
2016-11-16,18.23,18.56,18.15,18.26,8778052,,160889280.0
2016-11-17,18.27,18.32,18.05,18.25,5148580,,93569976.0
2016-11-18,18.21,18.21,18.04,18.1,4292811,,77738592.0
2016-11-21,18.01,18.24,18.0,18.15,6387739,,115618208.0
2016-11-22,18.21,18.26,18.03,18.17,6156168,,111572680.0
2016-11-23,18.25,18.55,18.13,18.17,10696045,,196086064.0
2016-11-24,18.1,18.12,17.75,17.81,8667651,,155257424.0
2016-11-25,17.78,17.9,17.42,17.83,7372297,,130452224.0
2016-11-28,17.88,18.16,17.71,17.8,7728392,,138470416.0
2016-11-29,17.65,17.7,17.48,17.48,6567712,,115526392.0
2016-11-30,17.47,17.59,17.36,17.5,3272116,,57202264.0
2016-12-01,17.51,17.62,17.45,17.53,2855539,,50024624.0
2016-12-02,17.55,17.64,17.08,17.11,5376334,,92936000.0
2016-12-05,16.95,17.27,16.89,16.98,3826765,,65326480.0
2016-12-06,17.07,17.19,16.95,17.02,2287142,,39002436.0
2016-12-07,16.98,17.17,16.98,17.16,2181807,,37287544.0
2016-12-08,17.17,17.25,17.0,17.02,2784046,,47542016.0
2016-12-09,16.99,17.07,16.85,16.91,3069398,,52010316.0
2016-12-12,16.98,17.04,15.28,15.4,7481911,,120965368.0
2016-12-13,15.4,15.59,15.03,15.52,4172321,,64304856.0
2016-12-14,15.53,15.58,15.36,15.46,2628958,,40735876.0
2016-12-15,15.4,15.76,15.33,15.57,3543369,,55197828.0
2016-12-16,15.47,15.74,15.46,15.69,2437646,,38198244.0
2016-12-19,15.69,15.76,15.63,15.65,2028293,,31828012.0
2016-12-20,15.7,15.7,15.41,15.51,2665317,,41362660.0
2016-12-21,15.51,15.66,15.51,15.59,2591564,,40356636.0
2016-12-22,15.77,16.18,15.77,15.89,5941488,,94893240.0
2016-12-23,15.68,15.96,15.51,15.53,3261751,,51142388.0
2016-12-26,15.4,15.74,15.31,15.68,2565089,,39842296.0
2016-12-27,15.68,15.87,15.61,15.76,1972970,,31073506.0
2016-12-28,15.85,15.85,15.5,15.51,2114814,,32967954.0
2016-12-29,15.48,15.75,15.41,15.54,2013350,,31434076.0
2016-12-30,15.65,15.65,15.39,15.53,1796857,,27848898.0
2017-01-03,15.57,15.79,15.57,15.78,2898512,,45512672.0
2017-01-04,15.78,15.87,15.65,15.84,3150195,,49681560.0
2017-01-05,15.89,16.0,15.8,15.97,3836155,,61020664.0
2017-01-06,15.93,16.06,15.81,15.98,3003827,,47838340.0
2017-01-09,15.97,15.97,15.71,15.81,3186344,,50323652.0
2017-01-10,15.87,15.95,15.7,15.75,1943268,,30772684.0
2017-01-11,15.79,15.83,15.51,15.8,2121190,,33172836.0
2017-01-12,16.95,17.2,16.26,16.33,19938441,,333100416.0
2017-01-13,16.12,16.26,15.62,15.62,8467726,,134373888.0
2017-01-16,15.31,15.39,14.11,14.6,7074870,,105565736.0
2017-01-17,14.8,14.86,14.24,14.76,3455164,,50498056.0
2017-01-18,14.68,14.79,14.55,14.62,2007275,,29367628.0
2017-01-19,14.55,14.73,14.42,14.61,2168315,,31750652.0
2017-01-20,14.52,14.9,14.52,14.87,2595638,,38464800.0
2017-01-23,14.87,14.95,14.82,14.89,2288500,,34060388.0
2017-01-24,14.9,14.94,14.66,14.7,1832268,,27012160.0
2017-01-25,14.7,14.77,14.64,14.74,1382711,,20345428.0
2017-01-26,14.75,14.87,14.73,14.87,1169750,,17322844.0
2017-02-03,14.89,14.96,14.74,14.82,1275810,,18906538.0
2017-02-06,14.82,14.92,14.79,14.9,2099961,,31194886.0
2017-02-07,14.94,14.99,14.74,14.89,2091878,,31032276.0
2017-02-08,14.87,14.97,14.76,14.95,2485377,,36936860.0
2017-02-09,14.94,15.95,14.88,15.3,7231253,,111252512.0
2017-02-10,15.18,15.29,15.09,15.13,3494876,,52924992.0
2017-02-13,15.18,15.5,15.12,15.34,4010432,,61347664.0
2017-02-14,15.36,15.4,15.2,15.24,2306087,,35214572.0
2017-02-15,15.28,15.34,15.01,15.08,2850588,,43343504.0
2017-02-16,15.02,15.25,14.95,15.2,2745857,,41454340.0
2017-02-17,15.22,15.28,14.97,14.99,3106305,,46970516.0
2017-02-20,14.98,15.06,14.89,15.06,2511641,,37614344.0
2017-02-21,15.06,15.33,15.02,15.23,3661104,,55678292.0
2017-02-22,15.23,15.28,15.16,15.28,3201667,,48760616.0
2017-02-23,15.3,15.46,15.18,15.34,4190331,,64162068.0
2017-02-24,15.35,15.4,15.26,15.35,3198887,,49047280.0
2017-02-27,15.36,15.4,15.12,15.19,2915247,,44401544.0
2017-02-28,15.28,15.59,15.28,15.32,4477818,,68987136.0
2017-03-01,15.3,15.47,15.3,15.37,2640191,,40648004.0
2017-03-02,15.39,15.4,15.23,15.23,2151239,,32866214.0
2017-03-03,15.28,15.35,15.15,15.28,2188149,,33365868.0
2017-03-06,15.28,15.44,15.23,15.42,3493400,,53781748.0
2017-03-07,15.53,15.84,15.5,15.6,5742569,,89813600.0
2017-03-08,15.63,15.67,15.42,15.5,3084979,,47829336.0
2017-03-09,15.45,15.5,15.29,15.34,2512887,,38536456.0
2017-03-10,15.38,15.44,15.27,15.28,1733200,,26587876.0
2017-03-13,15.35,15.39,15.04,15.23,2872948,,43675832.0
2017-03-14,15.32,15.51,15.2,15.25,3845971,,58957964.0
2017-03-15,15.22,15.3,15.01,15.04,3787117,,57240276.0
2017-03-16,15.04,15.25,15.04,15.13,3724223,,56321200.0
2017-03-17,15.23,15.46,15.17,15.21,5585730,,85572096.0
2017-03-20,15.16,15.18,15.06,15.15,2727096,,41189532.0
2017-03-21,15.1,15.18,15.02,15.05,2412332,,36398204.0
2017-03-22,15.01,15.14,14.9,14.92,3278937,,49137200.0
2017-03-23,14.92,14.99,14.7,14.8,3556143,,52805172.0
2017-03-24,14.92,15.16,14.86,15.06,4304791,,64717260.0
2017-03-27,15.06,15.06,14.91,14.94,2373653,,35486488.0
2017-03-28,14.92,15.0,14.78,14.79,2204068,,32772110.0
2017-03-29,14.77,14.85,14.6,14.61,2742458,,40377672.0
2017-03-30,14.61,14.68,14.15,14.24,4490838,,64266460.0
2017-03-31,14.05,14.14,14.0,14.1,3324262,,46774452.0
2017-04-05,14.37,14.46,14.13,14.4,2995021,,42886792.0
2017-04-06,14.4,14.41,14.16,14.24,3195461,,45495532.0
2017-04-07,14.25,14.36,14.18,14.28,2743049,,39208540.0
2017-04-10,14.38,14.38,14.1,14.14,2685992,,38272176.0
2017-04-11,14.16,14.16,13.67,13.99,4684490,,65180392.0
2017-04-12,13.99,13.99,13.7,13.74,3551466,,49090968.0
2017-04-13,13.82,14.15,13.76,14.09,4784829,,66971728.0
2017-04-14,13.9,14.08,13.7,13.8,2959923,,40978440.0
2017-04-17,13.42,13.72,13.4,13.47,2511533,,33952624.0
2017-04-18,13.53,13.53,13.11,13.16,2688977,,35830696.0
2017-04-19,13.17,13.22,12.35,12.65,4583528,,58016120.0
2017-04-20,12.5,12.72,12.43,12.48,2768892,,34820296.0
2017-04-21,12.54,13.73,12.54,13.73,14792524,,202003408.0
2017-04-24,13.7,13.7,12.75,13.07,14006919,,182811488.0
2017-04-25,12.99,13.9,12.92,13.67,14568682,,197172048.0
2017-04-26,13.5,13.79,13.34,13.73,9417982,,127632536.0
2017-04-27,13.57,13.94,13.33,13.77,10132320,,138368432.0
2017-04-28,13.78,13.78,13.48,13.52,6175453,,83896752.0
2017-05-02,13.29,13.29,12.72,12.78,8710130,,112857256.0
2017-05-03,12.7,13.17,12.7,12.94,5719925,,74240584.0
2017-05-04,12.86,13.3,12.55,13.11,7947006,,103077280.0
2017-05-05,12.99,13.02,12.69,12.69,4647659,,59683192.0
2017-05-08,12.6,12.93,12.57,12.62,3245649,,41339440.0
2017-05-09,12.62,13.04,12.58,12.99,4358291,,56049016.0
2017-05-10,13.02,13.1,12.56,12.6,4220656,,54206528.0
2017-05-11,12.4,12.4,11.41,11.96,8037498,,95443944.0
2017-05-12,11.73,11.86,11.51,11.72,4096943,,47852976.0
2017-05-15,11.8,11.84,11.59,11.62,2525662,,29493340.0
2017-05-16,11.61,11.87,11.11,11.85,5565181,,63933148.0
2017-05-17,11.81,12.92,11.68,12.13,7351050,,89887544.0
2017-05-18,11.96,12.53,11.95,12.07,5222814,,63687012.0
2017-05-19,11.95,12.13,11.8,11.83,3403742,,40606712.0
2017-05-22,11.72,11.91,11.56,11.65,2825670,,33140158.0
2017-05-23,11.62,11.87,11.23,11.24,3383850,,39025588.0
2017-05-24,11.28,11.48,11.15,11.45,3124165,,35473372.0
2017-05-25,11.44,11.6,11.22,11.49,3403908,,38910856.0
2017-05-26,11.49,11.93,11.48,11.59,3684943,,42963388.0
2017-05-31,11.68,11.8,11.55,11.58,2778500,,32468386.0
2017-06-01,11.3,11.49,11.2,11.2,2567500,,29097318.0
2017-06-02,11.19,11.4,10.89,11.36,3556561,,39592820.0
2017-06-05,11.34,11.44,11.32,11.36,2153416,,24506854.0
2017-06-06,11.4,12.0,11.28,11.53,4293430,,49824688.0
2017-06-07,11.45,11.75,11.4,11.73,4496770,,52287912.0
2017-06-08,11.72,11.76,11.54,11.57,2990956,,34808872.0
2017-06-09,11.48,11.58,11.39,11.55,2920943,,33545770.0
2017-06-12,11.6,11.8,11.5,11.62,5246286,,61117124.0
2017-06-13,11.61,12.19,11.51,11.85,6366763,,75588096.0
2017-06-14,11.76,11.92,11.65,11.89,5014257,,59068796.0
2017-06-15,11.81,12.61,11.81,12.49,13290554,,163151888.0
2017-06-16,12.37,12.44,12.15,12.17,6543549,,80108792.0
2017-06-19,12.12,12.19,12.02,12.09,4200536,,50775296.0
2017-06-20,12.1,12.18,12.0,12.02,3520264,,42528060.0
2017-06-21,12.06,12.25,11.95,12.05,3458394,,41781076.0
2017-06-22,12.04,12.06,11.66,11.67,3849719,,45804768.0
2017-06-23,11.67,11.83,11.5,11.69,3409866,,39698424.0
2017-06-26,11.59,11.76,11.58,11.68,3120711,,36402456.0
2017-06-27,11.71,11.85,11.63,11.69,4289298,,50350712.0
2017-06-28,11.7,11.77,11.51,11.52,2822523,,32610910.0
2017-06-29,11.57,11.57,11.4,11.5,2898151,,33324936.0
2017-06-30,11.49,11.56,11.41,11.53,1977154,,22710350.0
2017-07-03,11.53,11.65,11.51,11.64,2435218,,28254810.0
2017-07-04,11.64,11.78,11.58,11.6,2540986,,29614502.0
2017-07-05,11.59,11.76,11.53,11.76,3441344,,40275744.0
2017-07-06,11.77,11.84,11.55,11.66,3466591,,40597616.0
2017-07-07,11.7,11.85,11.62,11.74,3584865,,42106568.0
2017-07-10,11.68,11.78,11.63,11.67,2647468,,30948542.0
2017-07-11,11.67,11.85,11.52,11.53,3592404,,42124288.0
2017-07-12,11.55,11.59,11.16,11.3,4474082,,50548876.0
2017-07-13,11.33,11.41,11.17,11.2,2918187,,32878962.0
2017-07-14,11.25,11.28,11.16,11.17,2124499,,23844170.0
2017-07-17,11.15,11.19,10.1,10.13,6114174,,63769904.0
2017-07-18,10.09,10.24,9.9,10.17,3119172,,31631422.0
2017-07-19,10.1,10.19,10.01,10.17,3503533,,35501704.0
2017-07-20,10.2,10.32,10.18,10.21,3221355,,33038678.0
2017-07-21,10.22,10.33,10.05,10.11,2547329,,25920032.0
2017-07-24,10.03,10.17,10.01,10.11,2415991,,24391432.0
2017-07-25,10.11,10.15,10.02,10.07,2212239,,22311006.0
2017-07-26,10.07,10.13,9.92,9.98,2946918,,29448680.0
2017-07-27,10.0,10.25,9.97,10.24,5703936,,57878584.0
2017-07-28,10.23,10.36,10.2,10.21,3941415,,40473444.0
2017-07-31,10.21,10.34,10.16,10.28,2765631,,28304688.0
2017-08-01,10.28,10.34,10.18,10.3,3031866,,31055988.0
2017-08-02,10.32,10.36,10.19,10.2,3166865,,32465340.0
2017-08-03,10.2,10.33,10.2,10.27,2850446,,29251148.0
2017-08-04,10.29,10.97,10.19,10.58,10804992,,113957992.0
2017-08-07,10.36,10.47,10.35,10.43,5747544,,59782188.0
2017-08-08,10.46,10.53,10.3,10.39,3979343,,41213364.0
2017-08-09,10.39,10.54,10.32,10.43,4662431,,48555756.0
2017-08-10,10.36,10.42,10.13,10.19,4682299,,48011060.0
2017-08-11,10.11,10.18,10.03,10.03,3458111,,34930396.0
2017-08-14,10.03,10.25,10.03,10.23,3293962,,33457146.0
2017-08-15,10.23,10.27,10.15,10.24,2873511,,29345458.0
2017-08-16,10.23,10.47,10.2,10.39,5630568,,58381808.0
2017-08-17,10.37,10.58,10.32,10.54,6182948,,64746204.0
2017-08-18,10.58,10.65,10.38,10.46,6612600,,69592024.0
2017-08-21,10.42,10.58,10.4,10.49,3723623,,39030084.0
2017-08-22,10.5,10.56,10.35,10.4,3423041,,35729172.0
2017-08-23,10.38,10.76,10.35,10.46,5569424,,58758112.0
2017-08-24,10.37,10.42,10.22,10.25,4127464,,42505352.0
2017-08-25,10.28,10.41,10.23,10.37,3284839,,33934632.0
2017-08-28,10.46,10.48,10.34,10.48,4830178,,50393180.0
2017-08-29,10.48,10.55,10.38,10.41,3776339,,39459112.0
2017-08-30,10.41,10.51,10.3,10.34,3793149,,39428792.0
2017-08-31,10.44,10.5,10.34,10.48,4664011,,48666096.0
2017-09-01,10.5,10.63,10.4,10.58,6099539,,64210048.0
2017-09-04,10.5,10.9,10.46,10.89,10763963,,115303352.0
2017-09-05,10.59,10.79,10.59,10.75,8738594,,93513112.0
2017-09-06,10.76,10.94,10.75,10.83,7748867,,83932760.0
2017-09-07,10.79,11.28,10.7,10.99,13379624,,147136608.0
2017-09-08,10.91,11.57,10.9,11.4,19261770,,216647600.0
2017-09-11,11.27,11.39,11.11,11.32,10133833,,113747288.0
2017-09-12,11.27,11.33,11.06,11.07,8277800,,92170632.0
2017-09-13,11.0,11.17,10.97,11.07,4806550,,53089080.0
2017-09-14,11.01,11.19,11.0,11.12,4827112,,53579444.0
2017-09-15,11.12,11.18,10.8,10.81,5464302,,59583656.0
2017-09-18,10.8,11.12,10.75,11.1,4969911,,54303980.0
2017-09-19,11.06,11.34,10.91,10.94,5970723,,66311168.0
2017-09-20,10.86,11.04,10.84,11.03,3614181,,39560264.0
2017-09-21,11.02,11.03,10.86,10.9,3053000,,33421962.0
2017-09-22,10.89,10.94,10.69,10.72,3699581,,39841468.0
2017-09-25,10.75,10.89,10.53,10.55,3605456,,38614300.0
2017-09-26,10.53,10.62,10.36,10.45,3992208,,41741136.0
2017-09-27,10.43,10.74,10.43,10.71,5157620,,54539672.0
2017-09-28,10.7,10.72,10.49,10.54,3199166,,33783288.0
2017-09-29,10.55,10.77,10.49,10.61,2881752,,30653942.0
2017-10-09,10.67,10.88,10.65,10.85,5497541,,59248096.0
2017-10-10,10.86,11.94,10.82,11.94,11530366,,135855120.0
2017-10-11,13.13,13.13,13.13,13.13,5729552,,75229016.0
2017-10-12,13.5,14.44,13.2,14.44,81331491,,1124840448.0
2017-10-13,14.0,15.88,13.86,15.51,92122308,,1400668800.0
2017-10-16,14.6,14.96,13.96,13.96,55226809,,792296064.0
2017-10-17,13.44,13.73,13.1,13.51,52335838,,701469888.0
2017-10-18,13.42,13.75,12.96,12.97,43366979,,581109952.0
2017-10-19,12.73,13.29,12.7,12.8,32342814,,420372288.0
2017-10-20,12.84,13.06,12.43,13.0,29608121,,375714528.0
2017-10-23,12.84,13.0,12.66,12.97,22835920,,293199936.0
2017-10-24,12.95,12.95,12.21,12.46,22159315,,278073088.0
2017-10-25,12.52,12.65,12.39,12.65,15990742,,200334944.0
2017-10-26,12.46,12.69,12.32,12.53,15868642,,198619792.0
2017-10-27,12.48,12.63,12.03,12.07,19842498,,243621600.0
2017-10-30,12.13,12.17,11.41,11.58,19769032,,230472016.0
2017-10-31,11.5,11.69,11.4,11.67,13417515,,155391184.0
2017-11-01,11.63,11.75,11.52,11.63,11930306,,138928032.0
2017-11-02,11.6,12.17,11.54,11.9,25845495,,308287072.0
2017-11-03,11.72,11.85,11.33,11.47,15788141,,182761440.0
2017-11-06,11.46,11.78,11.15,11.77,13662935,,157688704.0
2017-11-07,11.63,12.45,11.58,12.3,25678988,,310124512.0
2017-11-08,12.18,12.33,11.98,12.0,19423918,,235452432.0
2017-11-09,12.02,12.02,11.81,12.0,10586375,,126056688.0
2017-11-10,11.99,12.24,11.8,12.17,15355707,,184937728.0
2017-11-13,12.18,12.19,11.88,11.9,10604539,,127004832.0
2017-11-14,11.79,11.84,11.53,11.59,10846334,,126514232.0
2017-11-15,11.52,11.8,11.52,11.67,7173723,,83604912.0
2017-11-16,11.64,11.79,11.5,11.5,7483310,,87471448.0
2017-11-17,11.28,11.3,10.35,10.37,22234392,,235442704.0
2017-11-20,10.15,10.26,9.82,10.21,7476024,,75361136.0
2017-11-21,10.21,10.4,10.05,10.16,6197311,,63434100.0
2017-11-22,10.19,10.28,9.99,10.24,7107671,,72180064.0
2017-11-23,10.16,10.31,9.91,9.91,6617966,,66934524.0
2017-11-24,9.85,10.2,9.82,10.14,5908915,,59496332.0
2017-11-27,10.1,10.25,10.0,10.05,3915412,,39499832.0
2017-11-28,10.04,10.18,10.02,10.16,4124340,,41679568.0
2017-11-29,10.17,10.17,9.87,10.05,5816801,,58100636.0
2017-11-30,10.05,10.05,9.87,9.89,4381542,,43572068.0
2017-12-01,9.84,10.61,9.83,10.28,13611326,,140880352.0
2017-12-04,10.15,10.38,10.0,10.13,7658775,,77883880.0
2017-12-05,10.01,10.24,9.39,9.49,8932602,,88393672.0
2017-12-06,9.52,9.64,9.3,9.58,6614513,,62675108.0
2017-12-07,9.6,9.62,9.48,9.51,3847587,,36693340.0
2017-12-08,9.57,9.74,9.52,9.69,4984772,,48087512.0
2017-12-11,9.68,10.29,9.65,9.98,10015763,,100179840.0
2017-12-12,9.9,9.99,9.75,9.81,7065089,,69517904.0
2017-12-13,9.71,9.8,9.65,9.76,3477443,,33880212.0
2017-12-14,9.79,9.79,9.57,9.61,4388579,,42311964.0
2017-12-15,9.63,9.93,9.58,9.7,5264501,,51556872.0
2017-12-18,9.6,9.62,9.39,9.5,4254930,,40514492.0
2017-12-19,9.52,9.6,9.5,9.53,2620801,,25026806.0
2017-12-20,9.6,9.67,9.39,9.41,3292754,,31303382.0
2017-12-21,9.38,9.59,9.2,9.48,5510078,,51638456.0
2017-12-22,9.4,9.57,9.3,9.35,2645101,,24920628.0
2017-12-25,9.33,9.43,9.16,9.21,3702931,,34215588.0
2017-12-26,9.22,9.38,9.1,9.28,4638401,,42687800.0
2017-12-27,9.26,9.26,9.05,9.09,4959892,,45186100.0
2017-12-28,9.09,9.17,9.03,9.03,4183892,,38027964.0
2017-12-29,9.19,9.46,9.18,9.32,7606992,,70658232.0
2018-01-02,9.24,9.29,9.13,9.26,4301128,,39636472.0
2018-01-03,9.25,9.58,9.19,9.47,8658401,,81318864.0
2018-01-04,9.46,9.52,9.37,9.43,5339030,,50292432.0
2018-01-05,9.47,9.57,9.41,9.54,5460646,,51836876.0
2018-01-08,9.54,9.6,9.35,9.45,4767100,,44925240.0
2018-01-09,9.4,9.98,9.36,9.67,15152007,,148196448.0
2018-01-10,9.53,9.59,9.36,9.46,7744722,,73131824.0
2018-01-11,9.4,9.51,9.28,9.46,4757517,,44759280.0
2018-01-12,9.47,9.78,9.36,9.56,9022757,,86575376.0
2018-01-15,9.46,9.5,9.11,9.15,6772589,,62840044.0
2018-01-16,9.15,9.25,9.15,9.19,3544690,,32589438.0
2018-01-17,9.19,9.28,9.05,9.27,4603782,,42295720.0
2018-01-18,9.24,9.3,9.16,9.21,3145233,,28977064.0
2018-01-19,9.22,9.27,9.15,9.17,3065068,,28207188.0
2018-01-22,9.17,9.26,9.05,9.22,3578240,,32807118.0
2018-01-23,9.24,9.29,9.18,9.21,3375011,,31141062.0
2018-01-24,9.2,9.98,9.15,9.48,12479193,,119401384.0
2018-01-25,9.4,9.43,9.28,9.31,6914089,,64684060.0
2018-01-26,9.33,9.37,9.25,9.25,3413904,,31737146.0
2018-01-29,9.25,9.25,9.11,9.14,3324349,,30516870.0
2018-01-30,9.12,9.2,9.09,9.14,2366560,,21587004.0
2018-01-31,9.13,9.17,8.4,8.49,7993000,,69779440.0
2018-02-01,8.31,8.35,7.64,7.64,10716056,,84652032.0
2018-02-02,7.64,7.64,7.24,7.4,4696631,,34722240.0
2018-02-05,7.33,7.48,7.22,7.35,2824900,,20859484.0
2018-02-06,7.24,7.25,6.62,6.62,6076199,,42102120.0
2018-02-07,6.76,6.87,6.4,6.67,4657740,,30959000.0
2018-02-08,6.61,6.96,6.4,6.89,4383049,,29912606.0
2018-02-09,6.83,6.83,6.58,6.66,3618283,,24229008.0
2018-02-12,6.75,7.12,6.7,6.87,3665417,,25240500.0
2018-02-13,6.97,7.56,6.89,7.56,5340290,,39588272.0
2018-02-14,7.58,7.58,7.15,7.27,7894094,,57758908.0
2018-02-22,7.28,7.38,7.21,7.3,4342232,,31700544.0
2018-02-23,7.26,7.35,7.22,7.32,2876536,,20971916.0
2018-02-26,7.35,7.9,7.28,7.65,9154780,,69584888.0
2018-02-27,7.67,8.05,7.62,7.67,9465857,,73764336.0
2018-02-28,7.39,7.86,7.27,7.72,7231083,,54472288.0
2018-03-01,7.6,8.04,7.56,7.99,10891709,,86153216.0
2018-03-02,7.75,8.0,7.73,7.75,6200613,,48701764.0
2018-03-05,7.84,8.0,7.77,7.91,5838783,,45933732.0
2018-03-06,7.94,8.7,7.92,8.7,8898841,,76008864.0
2018-03-07,8.88,9.57,8.8,9.1,35085682,,321595968.0
2018-03-08,8.79,9.07,8.7,8.88,20214792,,178780496.0
2018-03-09,8.76,9.09,8.75,8.94,16306772,,145120912.0
2018-03-12,9.0,9.45,8.88,9.18,18669266,,170978944.0
2018-03-13,9.15,9.5,8.88,9.28,18382942,,169483744.0
2018-03-14,9.08,9.32,9.0,9.13,11445900,,104433568.0
2018-03-15,9.0,9.09,8.62,8.86,9884215,,87435120.0
2018-03-16,9.0,9.2,8.88,9.04,9124828,,82364600.0
2018-03-19,9.09,9.18,8.9,8.99,6279842,,56731188.0
2018-03-20,8.9,9.89,8.81,9.89,41136094,,396831552.0
2018-03-21,9.79,9.88,9.44,9.45,32885382,,316582368.0
2018-03-22,9.4,9.55,9.24,9.3,13863026,,129661864.0
2018-03-23,8.84,8.97,8.37,8.37,18670552,,160976256.0
2018-03-26,8.1,9.1,7.54,8.61,12962492,,106811864.0
2018-03-27,8.67,8.98,8.65,8.83,11518645,,101268200.0
2018-03-28,8.66,9.26,8.56,8.79,12302379,,110520768.0
2018-03-29,8.78,9.01,8.7,8.84,8413889,,74198392.0
2018-03-30,8.8,9.15,8.8,9.01,10607176,,95633328.0
2018-04-02,9.0,9.14,8.82,9.12,12291573,,110857432.0
2018-04-03,8.9,10.03,8.81,10.03,16474792,,159813616.0
2018-04-04,10.38,11.03,10.25,10.4,54993425,,592989248.0
2018-04-09,10.09,10.28,9.7,9.96,32516470,,322803392.0
2018-04-10,9.79,9.85,9.4,9.75,21611312,,207916112.0
2018-04-11,9.68,10.2,9.61,9.94,21361788,,211576608.0
2018-04-12,10.02,10.66,10.0,10.15,33287775,,343346272.0
2018-04-13,10.48,11.0,9.91,10.0,29767470,,310219648.0
2018-04-16,9.71,10.4,9.52,10.33,25354512,,253103168.0
2018-04-17,10.18,10.36,9.6,9.69,17192316,,171750224.0
2018-04-18,9.69,10.06,9.51,9.98,14057871,,137875968.0
2018-04-19,9.99,10.0,9.71,9.77,9441145,,92940768.0
2018-04-20,9.7,9.93,9.18,9.19,10470139,,100292384.0
2018-04-23,9.15,9.23,8.91,9.05,8674933,,78364736.0
2018-04-24,9.1,9.36,9.1,9.3,6882162,,63701404.0
2018-04-25,9.34,9.8,9.25,9.8,13753342,,131831608.0
2018-04-26,9.81,9.84,9.28,9.3,10557299,,100554016.0
2018-04-27,9.3,9.64,9.28,9.44,7336153,,69635352.0
2018-05-02,9.62,9.78,9.38,9.62,7811710,,75156520.0
2018-05-03,9.83,10.35,9.69,10.02,21397357,,214278000.0
2018-05-04,9.8,10.3,9.61,10.06,17868547,,177817792.0
2018-05-07,10.07,10.26,9.81,10.16,14635792,,147709008.0
2018-05-08,10.16,10.25,9.96,10.04,12612911,,127116856.0
2018-05-09,9.95,10.04,9.8,9.9,8849584,,87595208.0
2018-05-10,10.18,10.4,10.05,10.12,17755141,,181281360.0
2018-05-11,9.94,10.05,9.68,9.7,13363804,,131415176.0
2018-05-14,9.6,9.67,9.4,9.52,7938300,,75332680.0
2018-05-15,9.52,9.67,9.46,9.66,5149111,,49209048.0
2018-05-16,9.64,10.2,9.56,9.97,17350047,,173320704.0
2018-05-17,9.91,9.95,9.73,9.75,8390743,,82209360.0
2018-05-18,9.75,9.87,9.5,9.64,6246503,,60342692.0
2018-05-21,9.68,9.83,9.64,9.76,5293870,,51557464.0
2018-05-22,9.85,9.95,9.79,9.94,9105551,,89967408.0
2018-05-23,9.9,10.3,9.79,9.99,11821716,,118155216.0
2018-05-24,9.9,9.99,9.8,9.83,6698713,,66120004.0
2018-05-25,9.85,9.9,9.57,9.61,6714002,,65001964.0
2018-05-28,9.51,9.6,9.3,9.51,5889506,,55705556.0
2018-05-29,9.5,9.76,9.41,9.61,6064680,,58424240.0
2018-05-30,9.3,9.32,8.81,8.83,8430271,,76736008.0
2018-05-31,9.14,9.39,8.96,9.07,6466353,,59121756.0
2018-06-01,9.04,9.13,8.56,8.7,6778207,,59991764.0
2018-06-04,8.72,8.94,8.7,8.73,3089551,,27112756.0
2018-06-05,8.74,8.94,8.74,8.9,3551300,,31473106.0
2018-06-06,9.0,9.0,8.73,8.84,3676600,,32578708.0
2018-06-07,8.95,8.95,8.62,8.66,3865300,,33759384.0
2018-06-08,8.68,8.94,8.67,8.91,6198200,,54730880.0
2018-06-11,8.99,9.29,8.9,8.93,6610853,,59858600.0
2018-06-12,8.79,8.94,8.47,8.93,6211764,,54155004.0
2018-06-13,8.81,8.88,8.62,8.65,3657753,,31892914.0
2018-06-14,8.6,8.67,8.41,8.43,3671665,,31300566.0
2018-06-15,8.47,8.58,8.0,8.08,5158906,,42104436.0
2018-06-19,8.0,8.0,7.27,7.27,6247396,,46778388.0
2018-06-20,7.19,7.51,7.1,7.38,4032418,,29444180.0
2018-06-21,7.38,7.49,7.2,7.22,3494201,,25545690.0
2018-06-22,7.25,7.33,7.09,7.27,2578882,,18678070.0
2018-06-25,7.37,7.46,7.26,7.29,2528100,,18603844.0
2018-06-26,7.15,7.38,6.98,7.37,3165500,,22983996.0
2018-06-27,7.4,7.44,6.9,7.05,8500769,,60675416.0
2018-06-28,6.99,7.08,6.5,6.65,9615213,,65063616.0
2018-06-29,6.66,6.9,6.66,6.87,7126234,,48372476.0
2018-07-02,7.12,7.5,6.95,6.99,10902085,,77720128.0
2018-07-03,7.0,7.19,7.0,7.12,7051764,,50104440.0
2018-07-04,7.11,7.21,6.91,7.14,5372711,,38038108.0
2018-07-05,7.15,7.15,6.9,6.98,4985374,,34983880.0
2018-07-06,7.03,7.05,6.67,6.93,5238016,,36097852.0
2018-07-09,7.01,7.09,6.93,7.07,4200130,,29515562.0
2018-07-10,7.11,7.42,7.01,7.26,9436590,,68118456.0
2018-07-11,7.01,7.12,6.9,7.0,5357901,,37557180.0
2018-07-12,6.92,7.16,6.92,7.15,4460900,,31727672.0
2018-07-13,7.16,7.28,7.11,7.23,6211534,,44654084.0
2018-07-16,7.29,7.3,7.1,7.16,4347685,,31067078.0
2018-07-17,7.18,7.18,7.04,7.12,3392275,,24034482.0
2018-07-18,7.16,7.19,7.08,7.11,3626246,,25897916.0
2018-07-19,7.1,7.48,7.03,7.11,7061382,,51087492.0
2018-07-20,7.01,7.1,6.8,7.08,5148336,,35871600.0
2018-07-23,6.99,6.99,6.83,6.95,5199900,,35828636.0
2018-07-24,6.96,7.07,6.89,7.03,5597836,,39175060.0
2018-07-25,7.05,7.18,7.02,7.15,6111195,,43580380.0
2018-07-26,7.18,7.3,7.08,7.24,7425042,,53479828.0
2018-07-27,7.22,7.24,7.12,7.15,3497635,,25061054.0
2018-07-30,7.15,7.16,6.9,6.96,4421176,,30920786.0
2018-07-31,6.94,7.04,6.88,6.98,2153102,,14969919.0
2018-08-01,6.96,7.04,6.89,6.91,2407064,,16711519.0
2018-08-02,6.93,6.93,6.41,6.64,4465075,,29621782.0
2018-08-03,6.69,6.69,6.5,6.5,2327005,,15348734.0
2018-08-06,6.45,6.65,6.35,6.46,2674725,,17325346.0
2018-08-07,6.41,6.59,6.41,6.58,2179020,,14185840.0
2018-08-08,6.6,7.09,6.53,6.72,5668300,,38499456.0
2018-08-09,6.63,6.85,6.6,6.8,4384202,,29566718.0
2018-08-10,6.79,6.91,6.7,6.82,3572108,,24373556.0
2018-08-13,6.71,6.84,6.54,6.78,2474600,,16605062.0
2018-08-14,6.82,6.84,6.73,6.74,1926334,,13055122.0
2018-08-15,6.75,6.82,6.64,6.66,1829900,,12289982.0
2018-08-16,6.58,6.69,6.55,6.6,1578603,,10458279.0
2018-08-17,6.63,6.67,6.46,6.47,1716700,,11244141.0
2018-08-20,6.42,6.57,6.42,6.53,1362040,,8827301.0
2018-08-21,6.55,6.71,6.54,6.64,2525242,,16786458.0
2018-08-22,6.7,6.7,6.49,6.5,1969500,,12923681.0
2018-08-23,6.5,6.6,6.46,6.55,1492200,,9777088.0
2018-08-24,6.55,6.58,6.49,6.56,1545102,,10094837.0
2018-08-27,6.53,6.68,6.53,6.68,2446800,,16255316.0
2018-08-28,6.67,6.69,6.61,6.64,1835400,,12182876.0
2018-08-29,6.66,6.71,6.57,6.61,2149200,,14285210.0
2018-08-30,6.59,6.64,6.46,6.49,1664702,,10900205.0
2018-08-31,6.44,6.52,6.38,6.38,1902400,,12190407.0
2018-09-03,6.38,6.38,6.22,6.33,1690206,,10613954.0
2018-09-04,6.37,6.43,6.34,6.43,1425810,,9114246.0
2018-09-05,6.42,6.55,6.35,6.37,1877584,,12125971.0
2018-09-06,6.37,6.43,6.25,6.31,1547706,,9809090.0
2018-09-07,6.32,6.42,6.27,6.34,1438800,,9137343.0
2018-09-10,6.32,6.33,6.16,6.17,1779587,,11094649.0
2018-09-11,6.17,6.27,6.15,6.2,1287000,,7961372.0
2018-09-12,6.21,6.24,6.15,6.2,1365144,,8464168.0
2018-09-13,6.26,6.3,6.1,6.22,1330800,,8239688.0
2018-09-14,6.22,6.23,6.16,6.17,968787,,5993119.5
2018-09-17,6.17,6.19,5.98,6.0,1594900,,9629748.0
2018-09-18,6.0,6.08,5.95,6.06,1275500,,7693898.0
2018-09-19,6.06,6.15,6.02,6.13,1957800,,11933702.0
2018-09-20,6.18,6.19,6.08,6.1,2049737,,12557452.0
2018-09-21,6.17,6.38,6.15,6.19,2952503,,18373856.0
2018-09-25,6.11,6.15,6.09,6.14,1786403,,10922796.0
2018-09-26,6.14,6.18,6.1,6.14,1543300,,9489373.0
2018-09-27,6.14,6.55,6.14,6.31,7679688,,48913864.0
2018-09-28,6.21,6.3,6.18,6.23,3711507,,23137104.0
2018-10-08,6.17,6.17,6.02,6.05,2265604,,13774658.0
2018-10-09,6.06,6.12,6.04,6.06,1488155,,9024320.0
2018-10-10,6.12,6.13,6.03,6.06,1256600,,7632661.0
2018-10-11,5.97,5.98,5.45,5.46,5794536,,32262750.0
2018-10-12,5.3,5.44,5.03,5.17,3280655,,17178272.0
2018-10-15,5.2,5.3,5.12,5.14,1667699,,8701343.0
2018-10-16,5.15,5.22,4.91,5.01,1952100,,9883680.0
2018-10-17,5.09,5.12,4.93,5.04,1838729,,9241993.0
2018-10-18,5.03,5.03,4.54,4.57,5469701,,25690126.0
2018-10-19,4.46,4.66,4.44,4.62,3415882,,15642354.0
2018-10-22,4.67,4.97,4.67,4.91,8406320,,40722896.0
2018-10-23,4.91,4.95,4.78,4.82,4269883,,20783134.0
2018-10-24,4.76,4.95,4.75,4.84,2565368,,12427474.0
2018-10-25,4.66,5.09,4.58,4.95,6414543,,31055592.0
2018-10-26,4.95,5.13,4.91,5.05,6931475,,34690916.0
2018-10-29,4.99,5.02,4.82,4.91,3686500,,18223524.0
2018-10-30,4.91,4.96,4.76,4.92,3496483,,17060068.0
2018-10-31,4.91,5.08,4.91,4.99,4961584,,24835426.0
2018-11-01,5.08,5.19,5.02,5.05,6257821,,31847752.0
2018-11-02,5.07,5.23,5.07,5.23,7187105,,37115528.0
2018-11-05,5.25,5.34,5.18,5.27,5533101,,29130546.0
2018-11-06,5.29,5.37,5.19,5.35,5231301,,27668058.0
2018-11-07,5.4,5.89,5.39,5.89,7925016,,45923628.0
2018-11-08,6.03,6.36,5.98,6.04,29223840,,180405680.0
2018-11-09,5.8,6.07,5.55,5.81,16596341,,95969368.0
2018-11-12,5.82,5.88,5.66,5.86,11997860,,69340640.0
2018-11-13,5.74,6.1,5.69,5.96,14570476,,86120584.0
2018-11-14,5.92,6.07,5.85,6.01,9865276,,58635092.0
2018-11-15,6.05,6.1,5.94,6.07,9412772,,56809936.0
2018-11-16,6.16,6.52,6.09,6.33,19198555,,120160744.0
2018-11-19,6.4,6.5,6.12,6.18,12589100,,78839496.0
2018-11-20,6.02,6.5,5.95,6.14,17148750,,106899400.0
2018-11-21,6.0,6.12,5.92,6.01,9463381,,56971916.0
2018-11-22,6.01,6.61,6.01,6.61,16136522,,102961064.0
2018-11-23,6.61,7.0,6.11,6.37,32423064,,209619024.0
2018-11-26,6.17,6.3,6.01,6.12,15699957,,96347040.0
2018-11-27,6.11,6.34,6.02,6.12,12278534,,75541152.0
2018-11-28,6.04,6.2,5.8,6.12,13055710,,78375936.0
2018-11-29,6.08,6.2,6.06,6.1,13468828,,82557088.0
2018-11-30,6.06,6.09,5.71,5.9,9809411,,57874048.0
2018-12-03,6.01,6.13,5.98,6.06,8141510,,49349336.0
2018-12-04,6.07,6.23,6.07,6.2,10619813,,65528748.0
2018-12-05,6.05,6.15,6.01,6.1,6421529,,39057468.0
2018-12-06,6.12,6.22,5.96,5.97,6622300,,40211008.0
2018-12-07,5.96,5.97,5.85,5.87,4469600,,26373094.0
2018-12-10,5.8,5.8,5.59,5.59,5228900,,29592360.0
2018-12-11,5.61,5.68,5.6,5.65,2587800,,14635481.0
2018-12-12,5.66,5.73,5.64,5.66,2574583,,14650025.0
2018-12-13,5.68,5.74,5.56,5.69,3501010,,19866462.0
2018-12-14,5.7,5.72,5.34,5.37,4632761,,25642272.0
2018-12-17,5.37,5.57,5.37,5.49,2992600,,16396867.0
2018-12-18,5.48,5.52,5.32,5.43,2839112,,15417613.0
2018-12-19,5.49,5.52,5.4,5.43,1955061,,10640768.0
2018-12-20,5.43,5.66,5.34,5.55,4704351,,26000840.0
2018-12-21,5.54,5.54,5.38,5.44,3433250,,18711052.0
2018-12-24,5.42,5.5,5.38,5.49,2369152,,12942892.0
2018-12-25,5.48,5.48,5.13,5.27,4656870,,24381784.0
2018-12-26,5.26,5.34,5.23,5.26,2528911,,13395531.0
2018-12-27,5.37,5.42,5.2,5.2,2620300,,13904546.0
2018-12-28,5.2,5.28,5.1,5.14,2930301,,15203003.0
2019-01-02,5.16,5.24,5.16,5.2,2314102,,12034262.0
2019-01-03,5.16,5.24,5.12,5.13,2488102,,12897423.0
2019-01-04,5.05,5.28,5.03,5.25,3706500,,19198492.0
2019-01-07,5.3,5.43,5.28,5.41,4830301,,25876366.0
2019-01-08,5.42,5.84,5.39,5.59,11147503,,62481060.0
2019-01-09,5.53,5.71,5.44,5.65,10390405,,58025544.0
2019-01-10,5.55,5.61,5.42,5.45,7189105,,39579784.0
2019-01-11,5.52,5.62,5.44,5.57,5933005,,32828926.0
2019-01-14,5.55,5.67,5.47,5.5,4568203,,25359414.0
2019-01-15,5.46,5.58,5.46,5.56,4471801,,24734990.0
2019-01-16,5.54,5.63,5.5,5.62,5493102,,30547402.0
2019-01-17,5.61,5.63,5.45,5.49,4423300,,24467260.0
2019-01-18,5.45,5.54,5.45,5.5,3263202,,17899958.0
2019-01-21,5.53,5.55,5.46,5.49,2889100,,15922179.0
2019-01-22,5.45,5.53,5.4,5.43,3470506,,18910746.0
2019-01-23,5.42,5.42,5.26,5.31,3743106,,19888328.0
2019-01-24,5.32,5.52,5.28,5.36,3917812,,21190548.0
2019-01-25,5.3,5.68,5.3,5.56,11522870,,63703124.0
2019-01-28,5.75,5.81,5.35,5.41,8037672,,44144300.0
2019-01-29,5.32,5.37,5.01,5.17,5937408,,30617522.0
2019-01-30,5.09,5.24,5.04,5.05,2623207,,13423453.0
2019-01-31,5.01,5.07,4.84,4.85,4364000,,21576360.0
2019-02-01,4.93,5.04,4.88,5.03,2916302,,14560100.0
2019-02-11,5.05,5.21,5.05,5.21,3223001,,16592001.0
2019-02-12,5.21,5.42,5.21,5.33,4964315,,26390692.0
2019-02-13,5.4,5.46,5.27,5.46,5500653,,29617430.0
2019-02-14,5.44,5.52,5.37,5.46,4226199,,23052670.0
2019-02-15,5.45,5.78,5.41,5.52,8325525,,46389916.0
2019-02-18,5.5,5.74,5.5,5.73,9500839,,53575044.0
2019-02-19,5.7,6.09,5.65,5.92,16156218,,94501320.0
2019-02-20,5.9,5.9,5.71,5.83,10562824,,61135120.0
2019-02-21,5.78,6.0,5.75,5.79,9759815,,57101972.0
2019-02-22,5.78,5.88,5.67,5.86,9754051,,56371004.0
2019-02-25,5.93,6.18,5.88,6.15,15586979,,94301080.0
2019-02-26,6.13,6.5,6.08,6.12,17637810,,110609328.0
2019-02-27,6.14,6.29,6.02,6.1,11616240,,71568568.0
2019-02-28,6.18,6.71,6.16,6.71,37221219,,245079712.0
2019-03-01,6.62,6.69,6.4,6.51,25526029,,166027280.0
2019-03-04,6.4,6.66,6.35,6.53,25648473,,167743968.0
2019-03-05,6.45,6.83,6.4,6.82,25329918,,169035712.0
2019-03-06,6.8,7.4,6.7,7.17,28782833,,200654752.0
2019-03-07,7.06,7.18,6.89,7.07,22462346,,158128112.0
2019-03-08,6.92,6.96,6.4,6.5,19684150,,132600448.0
2019-03-11,6.5,6.87,6.48,6.83,14349282,,96049160.0
2019-03-12,6.9,7.14,6.89,7.03,19681410,,137902608.0
2019-03-13,7.02,7.38,6.88,6.91,23053821,,164976416.0
2019-03-14,6.81,7.12,6.64,7.06,18808677,,130311424.0
2019-03-15,7.06,7.26,6.95,7.08,16545360,,117650328.0
2019-03-18,7.05,7.21,6.72,7.17,17278880,,120923128.0
2019-03-19,7.19,7.19,6.97,7.03,12215411,,86183976.0
2019-03-20,6.9,6.94,6.73,6.88,10830015,,74133904.0
2019-03-21,6.86,7.03,6.8,6.95,11738846,,81589624.0
2019-03-22,6.94,7.15,6.91,7.15,14041713,,99173160.0
2019-03-25,7.0,7.65,6.85,7.17,22370161,,159972752.0
2019-03-26,7.09,7.18,6.8,6.81,12770309,,89076264.0
2019-03-27,6.99,7.18,6.75,6.9,9210002,,64092180.0
2019-03-28,6.85,6.86,6.6,6.62,10007000,,66856280.0
2019-03-29,6.63,7.28,6.47,7.11,36047803,,252466416.0
2019-04-01,7.1,7.82,7.0,7.82,51442328,,381889184.0
2019-04-02,7.8,7.8,7.48,7.59,38471774,,293435936.0
2019-04-03,7.42,7.65,7.38,7.63,23461228,,176368880.0
2019-04-04,7.59,7.62,7.35,7.52,21013868,,157576336.0
2019-04-08,7.5,7.51,7.25,7.35,13960446,,102899920.0
2019-04-09,7.34,7.45,7.26,7.42,10953966,,80661752.0
2019-04-10,7.38,7.6,7.2,7.49,20995967,,157042352.0
2019-04-11,7.4,7.45,7.15,7.15,14951401,,108584488.0
2019-04-12,7.2,7.23,7.01,7.04,8712036,,61846016.0
2019-04-15,7.18,7.2,6.91,6.91,9776421,,68987264.0
2019-04-16,6.94,7.12,6.85,7.08,9201091,,64539688.0
2019-04-17,7.09,7.14,7.01,7.06,9961274,,70459408.0
2019-04-18,7.06,7.09,6.92,6.92,7156700,,49949224.0
2019-04-19,6.9,7.02,6.88,7.0,4819608,,33519354.0
2019-04-22,7.02,7.04,6.88,6.9,5151600,,35840852.0
2019-04-23,6.9,6.9,6.52,6.61,13134324,,87615784.0
2019-04-24,6.63,6.69,6.54,6.68,6051909,,40152356.0
2019-04-25,6.67,6.69,6.25,6.26,9259455,,59762780.0
2019-04-26,6.26,6.33,6.19,6.19,5577630,,34845904.0
2019-04-29,6.19,6.19,5.8,5.81,8535872,,50665444.0
2019-04-30,5.9,6.02,5.83,5.96,5048038,,29977964.0
2019-05-06,5.86,5.86,5.38,5.43,8098608,,45441492.0
2019-05-07,5.44,5.65,5.44,5.63,7239528,,40355012.0
2019-05-08,5.5,5.94,5.5,5.74,7150761,,41211684.0
2019-05-09,5.65,5.79,5.63,5.64,3560251,,20283310.0
2019-05-10,5.64,5.85,5.5,5.81,5901658,,33993192.0
2019-05-13,5.71,5.86,5.71,5.8,3838300,,22261740.0
2019-05-14,5.73,5.83,5.7,5.75,2957500,,17079290.0
2019-05-15,5.76,5.89,5.76,5.86,3574800,,20901672.0
2019-05-16,5.87,5.98,5.84,5.93,4273465,,25225428.0
2019-05-17,5.94,5.98,5.62,5.67,5438617,,31554600.0
2019-05-20,5.66,5.75,5.54,5.69,4128223,,23275714.0
2019-05-21,5.74,5.88,5.63,5.88,5536260,,32072560.0
2019-05-22,5.88,5.92,5.71,5.78,6709256,,38909436.0
2019-05-23,5.71,5.74,5.46,5.5,5856349,,32680248.0
2019-05-24,5.52,5.57,5.42,5.43,2865629,,15703797.0
2019-05-27,5.44,5.62,5.39,5.62,3447304,,19112984.0
2019-05-28,5.62,5.71,5.53,5.58,5618481,,31657672.0
2019-05-29,5.6,5.65,5.53,5.59,3177700,,17817878.0
2019-05-30,5.62,5.62,5.41,5.5,4965500,,27266636.0
2019-05-31,5.47,5.55,5.41,5.42,3422980,,18769144.0
2019-06-03,5.42,5.5,5.34,5.4,3727000,,20188118.0
2019-06-04,5.39,5.41,5.24,5.28,4165560,,22071256.0
2019-06-05,5.34,5.34,5.24,5.24,2478310,,13089368.0
2019-06-06,5.25,5.26,5.03,5.07,2994900,,15305180.0
2019-06-10,5.07,5.18,5.06,5.14,2243839,,11479754.0
2019-06-11,5.14,5.41,5.12,5.34,4134122,,21826106.0
2019-06-12,5.31,5.39,5.28,5.29,3225001,,17182180.0
2019-06-13,5.29,5.39,5.29,5.37,3358983,,17970990.0
2019-06-14,5.4,5.43,5.21,5.21,4228401,,22475512.0
2019-06-17,5.25,5.34,5.2,5.33,3198719,,16951088.0
2019-06-18,5.3,5.39,5.22,5.25,2586208,,13685976.0
2019-06-19,5.35,5.58,5.31,5.42,6044900,,32878438.0
2019-06-20,5.41,5.5,5.33,5.46,4748783,,25743704.0
2019-06-21,5.49,5.65,5.49,5.58,6603900,,36803556.0
2019-06-24,5.6,5.61,5.48,5.55,4348141,,24038136.0
2019-06-25,5.51,5.56,5.38,5.45,3665114,,20008938.0
2019-06-26,5.5,5.8,5.45,5.57,10740741,,60503360.0
2019-06-27,5.55,5.6,5.45,5.46,5784987,,31874724.0
2019-06-28,5.46,5.53,5.31,5.4,4243567,,22851664.0
2019-07-01,5.48,5.52,5.42,5.51,4772414,,26193754.0
2019-07-02,5.48,5.52,5.45,5.5,3463362,,19016142.0
2019-07-03,5.5,5.51,5.37,5.4,3362687,,18208836.0
2019-07-04,5.38,5.48,5.38,5.42,2634981,,14280999.0
2019-07-05,5.42,5.46,5.35,5.46,2200198,,11901639.0
2019-07-08,5.42,5.43,5.1,5.16,5415523,,28169436.0
2019-07-09,5.16,5.19,5.04,5.17,2378041,,12236733.0
2019-07-10,5.17,5.69,5.14,5.69,15192032,,84199424.0
2019-07-11,6.03,6.26,5.75,6.26,34562857,,208801200.0
2019-07-12,6.59,6.89,6.2,6.89,73215115,,490840000.0
2019-07-15,6.57,6.88,6.2,6.41,75659366,,489818400.0
2019-07-16,6.59,6.8,6.5,6.71,71095726,,472977728.0
2019-07-17,6.2,6.38,6.13,6.3,48330785,,302827616.0
2019-07-18,6.21,6.23,5.88,5.96,39845174,,238868752.0
2019-07-19,5.91,5.99,5.82,5.86,25344735,,149368400.0
2019-07-22,5.8,5.84,5.33,5.43,24392226,,134618800.0
2019-07-23,5.44,5.61,5.38,5.6,19714301,,108853336.0
2019-07-24,5.6,5.68,5.52,5.53,19460129,,108668544.0
2019-07-25,5.54,5.64,5.43,5.6,16968004,,94194464.0
2019-07-26,5.6,5.66,5.51,5.51,13649600,,76050648.0
2019-07-29,5.51,5.51,5.37,5.43,11815231,,64181520.0
2019-07-30,5.47,5.48,5.38,5.41,10257232,,55814088.0
2019-07-31,5.38,5.58,5.31,5.56,15861270,,86327752.0
2019-08-01,5.46,5.55,5.42,5.49,10277200,,56392044.0
2019-08-02,5.34,5.38,5.25,5.31,10409800,,55343664.0
2019-08-05,5.31,5.35,5.22,5.26,7226509,,38168256.0
2019-08-06,5.1,5.15,4.89,5.06,12976692,,65230352.0
2019-08-07,5.02,5.11,5.0,5.01,6636700,,33512870.0
2019-08-08,5.05,5.15,5.03,5.1,7712339,,39279496.0
2019-08-09,5.11,5.18,4.98,4.99,7626300,,38534164.0
2019-08-12,4.97,5.09,4.94,5.09,5457223,,27483958.0
2019-08-13,5.09,5.09,5.01,5.03,4803101,,24217454.0
2019-08-14,5.1,5.2,5.08,5.09,9649901,,49550816.0
2019-08-15,4.91,5.15,4.91,5.13,8519601,,43001844.0
2019-08-16,5.15,5.5,5.08,5.21,15384101,,80954416.0
2019-08-19,5.28,5.32,5.19,5.31,12122902,,63867396.0
2019-08-20,5.3,5.47,5.25,5.33,15628803,,83596304.0
2019-08-21,5.3,5.38,5.25,5.29,8956542,,47437400.0
2019-08-22,5.28,5.31,5.23,5.3,6694432,,35324188.0
2019-08-23,5.26,5.42,5.26,5.38,13245003,,70896144.0
2019-08-26,5.21,5.37,5.2,5.27,9683203,,51026924.0
2019-08-27,5.34,5.68,5.3,5.45,19179564,,105544048.0
2019-08-28,5.45,5.46,5.32,5.34,11146904,,59857108.0
2019-08-29,5.36,5.39,5.28,5.34,8763647,,46696004.0
2019-08-30,5.35,5.37,5.13,5.14,9516100,,49807068.0
2019-09-02,5.15,5.34,5.15,5.32,7997006,,42107616.0
2019-09-03,5.35,5.38,5.27,5.33,7534150,,40022540.0
2019-09-04,5.31,5.37,5.28,5.37,7123400,,37976796.0
2019-09-05,5.39,5.64,5.36,5.42,15818399,,86549088.0
2019-09-06,5.46,5.6,5.4,5.56,16814420,,92599552.0
2019-09-09,5.58,5.63,5.48,5.62,14401537,,80187960.0
2019-09-10,5.63,5.85,5.53,5.73,21681797,,123503832.0
2019-09-11,5.68,5.8,5.61,5.66,12880552,,73176832.0
2019-09-12,5.66,5.7,5.55,5.64,11803686,,66395016.0
2019-09-16,5.64,5.72,5.56,5.65,9930608,,55941020.0
2019-09-17,5.63,5.63,5.39,5.44,11302654,,61946772.0
2019-09-18,5.46,5.54,5.4,5.42,6573800,,35825672.0
2019-09-19,5.42,5.5,5.34,5.5,6796242,,36906716.0
2019-09-20,5.49,5.62,5.45,5.58,10256400,,56722696.0
2019-09-23,5.56,5.56,5.38,5.43,7846050,,42586256.0
2019-09-24,5.57,5.78,5.55,5.57,20565319,,116167424.0
2019-09-25,5.41,5.5,5.38,5.38,11178724,,60548924.0
2019-09-26,5.37,5.4,5.15,5.16,9257300,,48472872.0
2019-09-27,5.2,5.25,5.15,5.22,3856837,,20091622.0
2019-09-30,5.24,5.24,5.13,5.16,3562312,,18426492.0
2019-10-08,5.16,5.23,5.16,5.17,2641456,,13713649.0
2019-10-09,5.16,5.21,5.13,5.2,2823953,,14604489.0
2019-10-10,5.17,5.23,5.11,5.23,5346600,,27720472.0
2019-10-11,5.23,5.24,5.18,5.2,4337302,,22591522.0
2019-10-14,5.22,5.28,5.22,5.26,5213822,,27377274.0
2019-10-15,5.25,5.47,5.18,5.31,10101313,,53733596.0
2019-10-16,5.23,5.28,5.18,5.18,6295000,,32911894.0
2019-10-17,5.18,5.34,5.17,5.23,4818100,,25351298.0
2019-10-18,5.2,5.23,5.14,5.15,4688400,,24248920.0
2019-10-21,5.15,5.2,5.06,5.19,3219817,,16596963.0
2019-10-22,5.19,5.19,5.1,5.15,4528507,,23266298.0
2019-10-23,5.17,5.27,5.13,5.15,4082708,,21159728.0
2019-10-24,5.14,5.17,5.11,5.14,2428700,,12466187.0
2019-10-25,5.13,5.19,5.11,5.16,2696263,,13888613.0
2019-10-28,5.15,5.29,5.15,5.25,5461563,,28541560.0
2019-10-29,5.24,5.31,5.21,5.21,6020689,,31616926.0
2019-10-30,5.17,5.23,5.13,5.18,3255141,,16868176.0
2019-10-31,5.24,5.28,5.11,5.11,5263400,,27415816.0
2019-11-01,5.09,5.11,4.99,5.09,4774401,,24132600.0
2019-11-04,5.08,5.14,5.07,5.08,2918500,,14890915.0
2019-11-05,5.09,5.1,5.03,5.06,3257301,,16495838.0
2019-11-06,5.03,5.09,5.0,5.02,2900087,,14586797.0
2019-11-07,5.01,5.08,4.99,5.04,3081000,,15491263.0
2019-11-08,5.04,5.06,5.0,5.0,2854699,,14337958.0
2019-11-11,4.94,4.98,4.81,4.83,4045400,,19646120.0
2019-11-12,4.85,4.88,4.8,4.88,2820463,,13656508.0
2019-11-13,4.88,4.91,4.84,4.86,1404901,,6841599.5
2019-11-14,4.85,5.15,4.83,5.0,5119920,,25482246.0
2019-11-15,4.95,4.99,4.85,4.86,3415050,,16752891.0
2019-11-18,4.86,4.91,4.84,4.86,2401930,,11705206.0
2019-11-19,4.85,4.92,4.85,4.92,3652968,,17835804.0
2019-11-20,4.9,5.0,4.88,4.89,3936200,,19407972.0
2019-11-21,4.85,4.94,4.82,4.9,2530463,,12379128.0
2019-11-22,4.93,4.98,4.85,4.87,3758450,,18423276.0
2019-11-25,4.86,4.87,4.74,4.81,3305862,,15866827.0
2019-11-26,4.81,4.84,4.73,4.77,2546600,,12185399.0
2019-11-27,4.77,4.8,4.74,4.76,1719350,,8199488.0
2019-11-28,4.77,4.79,4.73,4.74,1610900,,7663041.0
2019-11-29,4.73,4.77,4.73,4.75,1555300,,7383975.0
2019-12-02,4.77,4.78,4.74,4.75,1709000,,8128601.0
2019-12-03,4.72,4.78,4.68,4.78,1916200,,9043761.0
2019-12-04,4.75,4.81,4.75,4.8,1718022,,8223571.0
2019-12-05,4.8,4.84,4.79,4.82,2630750,,12690274.0
2019-12-06,4.8,4.88,4.8,4.86,2365050,,11457890.0
2019-12-09,4.88,4.89,4.82,4.84,2403600,,11651959.0
2019-12-10,4.83,5.32,4.8,5.32,38467123,,203879984.0
2019-12-11,5.25,5.26,5.03,5.07,36609441,,187476176.0
2019-12-12,5.02,5.13,4.96,5.01,19682823,,98820784.0
2019-12-13,5.02,5.07,4.99,5.05,13733016,,69100472.0
2019-12-16,5.05,5.08,5.0,5.08,12649673,,63797552.0
2019-12-17,5.05,5.19,5.03,5.11,16679051,,85045992.0
2019-12-18,5.11,5.24,5.07,5.18,20069559,,103424840.0
2019-12-19,5.15,5.18,5.12,5.17,10791802,,55518972.0
2019-12-20,5.15,5.22,5.07,5.07,9036930,,46374288.0
2019-12-23,5.07,5.14,4.95,4.98,8241567,,41513460.0
2019-12-24,4.97,5.08,4.97,5.08,5167404,,25973412.0
2019-12-25,5.06,5.09,5.0,5.02,5250001,,26470500.0
2019-12-26,5.03,5.05,5.0,5.04,4608687,,23163680.0
2019-12-27,5.04,5.09,5.01,5.02,5825830,,29449738.0
2019-12-30,4.99,5.03,4.88,5.0,6032064,,29943448.0
2019-12-31,5.03,5.09,4.95,5.08,7281002,,36815564.0
2020-01-02,5.1,5.14,5.06,5.13,9127582,,46633872.0
2020-01-03,5.12,5.15,5.09,5.13,6441374,,32966184.0
2020-01-06,5.1,5.15,5.07,5.11,7751759,,39637800.0
2020-01-07,5.13,5.18,5.12,5.17,7861505,,40502888.0
2020-01-08,5.15,5.17,5.05,5.06,7773975,,39675988.0
2020-01-09,5.1,5.24,5.1,5.18,9389294,,48526868.0
2020-01-10,5.22,5.24,5.11,5.13,6202917,,31998116.0
2020-01-13,5.11,5.14,5.06,5.13,4635502,,23646748.0
2020-01-14,5.64,5.64,5.6,5.64,19181169,,108177672.0
2020-01-15,5.64,5.89,5.6,5.62,51307076,,293412544.0
2020-01-16,5.43,5.48,5.24,5.36,30703275,,164873168.0
2020-01-17,5.33,5.39,5.27,5.35,14220807,,75822032.0
2020-01-20,5.36,5.56,5.36,5.45,21677579,,118401008.0
2020-01-21,5.55,5.78,5.51,5.65,33080880,,186977760.0
2020-01-22,5.68,5.74,5.31,5.56,24892383,,136325680.0
2020-01-23,5.55,5.74,5.45,5.66,27336671,,153161968.0
2020-02-03,6.11,6.23,5.66,6.23,48739039,,296402560.0
2020-02-04,6.4,6.79,5.99,6.64,60786668,,391428352.0
2020-02-05,6.5,6.87,6.3,6.76,53579063,,356667008.0
2020-02-06,6.66,7.27,6.53,7.05,58588560,,411586496.0
2020-02-07,7.31,7.4,6.67,6.74,52679126,,367947840.0
2020-02-10,6.65,6.67,6.25,6.58,39953146,,258141776.0
2020-02-11,6.56,6.56,6.18,6.26,23591404,,148741392.0
2020-02-12,6.2,6.39,6.09,6.27,18886373,,118042128.0
2020-02-13,6.32,6.32,6.06,6.07,17461284,,107118848.0
2020-02-14,6.19,6.19,5.98,6.0,14086285,,85571640.0
2020-02-17,6.14,6.5,6.07,6.39,22793119,,143111168.0
2020-02-18,6.78,6.96,6.6,6.68,37320366,,252230256.0
2020-02-19,6.7,6.71,6.41,6.47,23744679,,154589552.0
2020-02-20,6.47,6.5,6.21,6.39,18452160,,117125912.0
2020-02-21,6.35,6.58,6.29,6.48,19469974,,125439768.0
2020-02-24,6.55,6.81,6.53,6.75,25785062,,172950240.0
2020-02-25,6.8,7.18,6.62,6.92,38916497,,269429984.0
2020-02-26,6.91,6.91,6.51,6.55,24276000,,161678400.0
2020-02-27,6.61,6.66,6.5,6.64,13571798,,89505864.0
2020-02-28,6.44,6.97,6.44,6.72,36006684,,245619856.0
2020-03-02,7.17,7.35,6.88,7.27,44976032,,321830176.0
2020-03-03,7.38,8.0,7.1,8.0,45716415,,347075328.0
2020-03-04,8.7,8.8,8.02,8.8,31371902,,270813568.0
2020-03-05,9.68,9.68,8.51,8.65,99626414,,925099584.0
2020-03-06,8.51,9.52,8.51,9.52,40348765,,374394784.0
2020-03-09,10.18,10.47,10.06,10.47,17293323,,178313136.0
2020-03-10,11.52,11.52,9.73,10.95,112258897,,1235294592.0
2020-03-11,10.39,12.05,10.01,12.05,109983792,,1255138688.0
2020-03-12,12.5,12.95,11.18,11.5,114990877,,1422159488.0
2020-03-13,10.35,11.18,10.35,10.35,76624455,,804944128.0
2020-03-16,10.48,11.0,9.95,10.04,68174970,,714882112.0
2020-03-17,9.55,9.69,9.04,9.21,60609943,,556033344.0
2020-03-18,9.25,9.46,8.89,8.96,45948916,,419922304.0
2020-03-19,8.96,9.06,8.27,8.59,48143610,,412372352.0
2020-03-20,8.68,8.9,8.52,8.7,38617415,,336499520.0
2020-03-23,8.76,9.2,8.6,8.87,50893428,,454039296.0
2020-03-24,8.8,8.86,8.1,8.47,38168193,,324095360.0
2020-03-25,8.62,9.26,8.47,9.16,45119510,,399238144.0
2020-03-26,9.09,9.95,8.88,9.62,63149189,,599185792.0
2020-03-27,9.7,9.87,9.4,9.66,48054404,,462524832.0
2020-03-30,9.66,10.18,9.5,9.6,44198478,,434883616.0
2020-03-31,9.58,9.88,8.94,9.02,42122734,,395058528.0
2020-04-01,8.88,9.32,8.63,9.13,35365666,,316767552.0
2020-04-02,9.03,9.13,8.7,9.04,31568663,,280969760.0
2020-04-03,9.15,9.44,9.06,9.09,36637965,,338550848.0
2020-04-07,9.25,9.36,8.9,9.3,35446653,,326883712.0
2020-04-08,9.44,9.68,9.2,9.2,38544561,,361323904.0
2020-04-09,9.05,9.39,8.89,9.28,34309886,,314301248.0
2020-04-10,9.26,9.38,8.88,8.9,29559817,,270287392.0
2020-04-13,8.8,9.06,8.63,8.95,18113770,,161693984.0
2020-04-14,8.83,9.1,8.73,9.03,20150556,,179705888.0
2020-04-15,9.01,9.35,8.97,9.19,26655221,,245191008.0
2020-04-16,9.17,9.68,8.95,9.56,43163601,,403561952.0
2020-04-17,9.56,10.29,9.27,10.27,52616488,,504862848.0
2020-04-20,9.97,10.86,9.86,10.27,57867504,,600956160.0
2020-04-21,10.08,10.85,9.91,10.55,51931033,,542124288.0
2020-04-22,10.55,10.57,9.9,10.11,40711667,,414533248.0
2020-04-23,10.04,10.47,9.84,9.9,34702966,,351591104.0
2020-04-24,9.84,9.87,9.11,9.22,32268753,,305347744.0
2020-04-27,9.14,9.2,8.93,8.99,16561432,,150074352.0
2020-04-28,9.0,9.18,8.5,9.11,19898140,,176172176.0
2020-04-29,9.5,9.76,9.26,9.32,29396362,,278638368.0
2020-04-30,9.24,9.48,9.17,9.24,20206290,,187981584.0
2020-05-06,9.26,9.35,9.15,9.33,15079790,,139665392.0
2020-05-07,9.33,10.26,9.26,10.26,38726155,,376474496.0
2020-05-08,10.36,10.58,9.96,10.23,45250942,,463754432.0
2020-05-11,10.17,10.45,10.05,10.28,27243881,,279450048.0
2020-05-12,10.28,10.69,10.13,10.38,31414276,,327016032.0
2020-05-13,10.24,10.55,10.12,10.36,29767201,,308680800.0
2020-05-14,10.3,10.3,9.96,9.96,26174228,,264376528.0
2020-05-15,10.06,10.17,9.77,9.84,20440835,,203297808.0
2020-05-18,9.76,9.89,9.59,9.64,17101676,,166399712.0
2020-05-19,9.7,9.95,9.6,9.9,18030839,,176367472.0
2020-05-20,9.82,9.96,9.58,9.62,15128217,,147436160.0
2020-05-21,9.63,9.93,9.62,9.65,15517153,,151477200.0
2020-05-22,9.66,9.76,8.96,9.25,20566453,,192418320.0
2020-05-25,9.23,9.38,9.12,9.19,9086803,,83997144.0
2020-05-26,9.29,9.65,9.22,9.59,16068606,,151945344.0
2020-05-27,9.54,9.77,9.45,9.48,14123901,,135385072.0
2020-05-28,9.52,9.57,9.15,9.23,11950302,,111274640.0
2020-05-29,9.1,9.45,9.1,9.35,10487753,,97991984.0
2020-06-01,9.41,9.65,9.37,9.56,12991039,,123946152.0
2020-06-02,9.57,9.6,9.42,9.51,13167693,,125252488.0
2020-06-03,9.54,10.16,9.52,9.98,32737987,,323444960.0
2020-06-04,10.0,10.05,9.7,9.75,20257836,,199129968.0
2020-06-05,9.7,9.91,9.55,9.79,14602119,,142110208.0
2020-06-08,9.79,9.85,9.56,9.61,12685304,,122809176.0
2020-06-09,9.72,10.34,9.64,10.17,38675609,,389053952.0
2020-06-10,10.24,10.53,10.06,10.29,33571098,,345205376.0
2020-06-11,10.29,10.36,9.98,10.04,27394814,,279019264.0
2020-06-12,9.78,10.88,9.71,10.75,53000740,,555706368.0
2020-06-15,11.25,11.4,10.8,11.11,56992884,,632565696.0
2020-06-16,11.02,11.83,10.8,11.58,49472119,,559314496.0
2020-06-17,11.43,12.56,11.38,12.2,59211860,,713502656.0
2020-06-18,12.08,12.2,11.01,11.1,60678151,,700598016.0
2020-06-19,11.02,11.28,10.81,10.92,34232453,,377433856.0
2020-06-22,10.99,11.14,10.6,10.71,33166283,,357728000.0
2020-06-23,10.72,11.17,10.55,11.15,40403004,,438800448.0
2020-06-24,11.1,11.13,10.76,10.89,24931576,,271819808.0
2020-06-29,10.75,11.35,10.69,11.23,34907684,,386406880.0
2020-06-30,11.1,11.33,10.91,11.13,31014053,,345673120.0
2020-07-01,11.15,11.27,10.71,10.9,28933027,,316910592.0
2020-07-02,10.86,11.01,10.71,10.89,23436909,,254447248.0
2020-07-03,10.82,11.27,10.72,11.2,35400427,,390651136.0
2020-07-06,11.34,11.5,11.06,11.46,40167090,,453500288.0
2020-07-07,11.49,12.12,11.3,11.76,45080221,,531914880.0
2020-07-08,11.92,12.43,11.8,12.22,43997871,,533086400.0
2020-07-09,12.11,13.4,12.0,13.05,54647106,,693066432.0
2020-07-10,13.09,13.98,12.68,13.94,63832660,,850931072.0
2020-07-13,13.63,13.96,13.21,13.85,58545229,,799873536.0
2020-07-14,13.44,13.44,12.47,12.47,67859877,,871134272.0
2020-07-15,13.09,13.21,12.62,12.64,47031735,,608594176.0
2020-07-16,12.67,12.79,11.65,11.69,36346040,,438192384.0
2020-07-17,11.59,12.07,11.53,11.97,21352200,,252955584.0
2020-07-20,12.06,12.25,11.85,12.23,23335459,,282330080.0
2020-07-21,12.15,12.65,12.04,12.54,29392005,,363398272.0
2020-07-22,12.43,12.55,12.23,12.29,23861200,,295352992.0
2020-07-23,12.17,12.61,11.96,12.54,31446771,,388924864.0
2020-07-24,12.4,12.44,11.42,11.68,25783624,,310043968.0
2020-07-27,11.65,11.84,11.17,11.36,18115748,,208438544.0
2020-07-28,11.43,11.62,11.23,11.52,13687774,,156371456.0
2020-07-29,11.45,11.94,11.43,11.88,17477460,,205191808.0
2020-07-30,11.87,12.35,11.82,12.03,22965842,,277772192.0
2020-07-31,12.01,12.55,11.91,12.5,31095613,,383636608.0
2020-08-03,12.53,12.93,12.33,12.9,30703645,,389018624.0
2020-08-04,12.9,12.92,12.4,12.47,28259421,,357351104.0
2020-08-05,12.48,12.65,12.2,12.58,22844107,,284413344.0
2020-08-06,12.5,12.61,12.04,12.19,19610756,,239980688.0
2020-08-07,12.1,12.36,11.64,11.95,17660700,,211172992.0
2020-08-10,11.81,12.07,11.79,11.95,10021100,,119297120.0
2020-08-11,12.0,12.03,11.49,11.51,13464701,,158110960.0
2020-08-12,11.52,11.53,10.88,11.13,14315401,,159689792.0
2020-08-13,11.17,11.27,11.09,11.18,7650389,,85528592.0
2020-08-14,11.27,11.27,11.01,11.21,7188975,,80118280.0
2020-08-17,11.27,11.53,11.22,11.43,10000676,,113639384.0
2020-08-18,11.43,11.68,11.43,11.58,10456800,,120992016.0
2020-08-19,11.5,11.7,11.33,11.41,11015582,,126860336.0
2020-08-20,11.35,11.55,11.11,11.39,6577800,,74813840.0
2020-08-21,11.44,11.6,11.38,11.45,6026795,,69133536.0
2020-08-24,11.57,11.69,11.43,11.65,8357703,,96652456.0
2020-08-25,11.64,11.67,11.47,11.5,7790203,,89948904.0
2020-08-26,11.5,11.67,11.27,11.45,8998353,,103448544.0
2020-08-27,11.41,11.73,11.32,11.71,12554592,,145459184.0
2020-08-28,11.88,12.38,11.75,12.31,31334756,,379912224.0
2020-08-31,12.48,12.55,12.06,12.12,22865119,,281438816.0
2020-09-01,12.04,12.35,12.0,12.17,12225000,,148448224.0
2020-09-02,12.17,12.26,12.06,12.12,10621801,,128896024.0
2020-09-03,12.12,12.2,11.82,11.87,11619932,,139852000.0
2020-09-04,11.66,11.78,11.53,11.69,11847209,,138125584.0
2020-09-07,11.66,11.77,10.98,11.09,18785223,,213154224.0
2020-09-08,11.17,11.27,10.97,11.17,10121211,,112525000.0
2020-09-09,11.04,11.07,10.53,10.54,13622541,,146871344.0
2020-09-10,10.65,10.79,10.29,10.3,10027831,,105908496.0
2020-09-11,10.29,10.63,10.26,10.6,6543032,,68772808.0
2020-09-14,10.61,10.95,10.55,10.82,7263827,,78416968.0
2020-09-15,10.82,10.87,10.68,10.8,5404728,,58236356.0
2020-09-16,10.73,10.86,10.61,10.65,4570102,,48870836.0
2020-09-17,10.66,10.71,10.47,10.58,5288701,,55966596.0
2020-09-18,10.69,10.75,10.51,10.68,6233000,,66504088.0
2020-09-21,10.76,10.87,10.6,10.61,7150220,,76664840.0
2020-09-22,10.53,11.06,10.53,10.83,14908801,,162415328.0
2020-09-23,10.83,11.07,10.68,10.9,12161630,,132976192.0
2020-09-24,10.78,10.9,10.56,10.58,9455900,,101157224.0
2020-09-25,10.57,10.9,10.52,10.67,7324000,,78524808.0
2020-09-28,10.7,10.83,10.49,10.52,5536114,,58736684.0
2020-09-29,10.57,10.62,10.5,10.51,5510303,,58096920.0
2020-09-30,10.52,10.57,10.35,10.42,5252801,,54921376.0
2020-10-09,10.61,11.08,10.59,10.97,12259844,,133654784.0
2020-10-12,11.1,11.37,11.06,11.26,12242282,,137822352.0
2020-10-13,11.32,11.47,11.16,11.32,9892450,,111988632.0
2020-10-14,11.3,11.39,11.19,11.22,7593742,,85610576.0
2020-10-15,11.29,11.36,11.13,11.14,7506870,,84240440.0
2020-10-16,11.2,11.51,11.18,11.4,12729767,,144503328.0
2020-10-19,11.4,11.42,11.08,11.16,9758278,,109741592.0
2020-10-20,11.11,11.22,11.04,11.22,5153458,,57462832.0
2020-10-21,11.24,11.38,11.18,11.27,7477100,,84301640.0
2020-10-22,11.3,11.3,11.05,11.1,5249001,,58370092.0
2020-10-23,11.12,11.33,11.0,11.03,6673705,,74485592.0
2020-10-26,11.04,11.25,10.88,11.24,7615155,,84986984.0
2020-10-27,11.12,11.26,11.05,11.21,5780900,,64579600.0
2020-10-28,11.21,11.28,10.92,11.16,7109900,,78736696.0
2020-10-29,11.09,11.23,10.92,11.01,15390460,,169969456.0
2020-10-30,11.04,11.05,10.2,10.26,18812801,,198801664.0
2020-11-02,10.21,10.4,10.02,10.12,9504772,,96566088.0
2020-11-03,10.15,10.32,10.03,10.25,7591402,,77679896.0
2020-11-04,10.26,10.3,9.74,9.86,14130844,,140273008.0
2020-11-05,9.88,9.97,9.78,9.9,9331700,,92106120.0
2020-11-06,9.89,9.95,9.65,9.73,8527001,,83104872.0
2020-11-09,9.76,10.04,9.75,9.98,10119940,,100420568.0
2020-11-10,9.97,10.07,9.7,9.78,8668881,,85227504.0
2020-11-11,9.68,9.85,9.54,9.56,6330380,,61052980.0
2020-11-12,9.6,9.63,9.41,9.44,6312300,,59839616.0
2020-11-13,9.45,9.47,9.3,9.39,5432294,,50793080.0
2020-11-16,9.4,9.46,9.3,9.44,5841413,,54781856.0
2020-11-17,9.42,9.42,9.21,9.33,6424671,,59590388.0
2020-11-18,9.3,9.62,9.27,9.58,11426579,,108533080.0
2020-11-19,9.56,9.71,9.46,9.65,7144642,,68714376.0
2020-11-20,9.7,9.7,9.54,9.61,4564301,,43781548.0
2020-11-23,9.61,9.75,9.61,9.65,5835975,,56447356.0
2020-11-24,9.65,9.65,9.5,9.53,5322879,,50759936.0
2020-11-25,9.5,9.57,9.32,9.32,5512600,,51787824.0
2020-11-26,9.33,9.42,9.31,9.33,2919939,,27306442.0
2020-11-27,9.33,9.4,9.24,9.32,3009128,,28000972.0
2020-11-30,9.33,9.45,9.3,9.35,4005862,,37595884.0
2020-12-01,9.37,9.68,9.37,9.63,7809810,,74550280.0
2020-12-02,9.63,9.65,9.52,9.59,5009769,,47949976.0
2020-12-03,9.6,9.71,9.49,9.66,6977637,,67259136.0
2020-12-04,9.65,9.72,9.55,9.68,4663429,,44960472.0
2020-12-07,9.7,9.71,9.5,9.53,4328054,,41426704.0
2020-12-08,9.53,9.59,9.5,9.55,2592431,,24736344.0
2020-12-09,9.54,9.57,9.25,9.27,5458800,,51153824.0
2020-12-10,9.26,9.46,9.2,9.37,5047754,,47138904.0
2020-12-11,9.36,9.45,9.26,9.41,7101217,,66555908.0
2020-12-14,9.41,9.42,9.2,9.27,5051664,,46820340.0
2020-12-15,9.25,9.29,9.02,9.12,5600434,,50915540.0
2020-12-16,9.1,9.1,8.8,8.82,6464401,,57576108.0
2020-12-17,8.82,9.23,8.82,9.22,8738234,,79227032.0
2020-12-18,9.33,9.33,9.07,9.12,5481661,,50419292.0
2020-12-21,9.18,9.57,9.15,9.51,9501553,,89272896.0
2020-12-22,9.6,10.17,9.56,9.87,23621766,,233260608.0
2020-12-23,9.87,9.87,9.56,9.75,12206136,,117954120.0
2020-12-24,9.61,9.67,9.36,9.44,9002478,,85207240.0
2020-12-25,9.45,9.59,9.3,9.43,5639305,,53383688.0
2020-12-28,9.44,9.81,9.22,9.61,10817129,,103269952.0
2020-12-29,9.56,9.58,9.25,9.28,7910400,,74168024.0
2020-12-30,9.26,9.42,9.12,9.27,6437721,,59666356.0
2020-12-31,9.16,9.34,9.13,9.23,6386620,,59036032.0
2021-01-04,9.21,9.28,9.1,9.24,7646300,,70236000.0
2021-01-05,9.22,9.52,9.13,9.51,10836989,,101192040.0
2021-01-06,9.53,9.77,9.34,9.67,14705600,,140925968.0
2021-01-07,9.62,9.62,9.17,9.29,10564131,,98401920.0
2021-01-08,9.17,9.3,9.04,9.17,6413500,,58772096.0
2021-01-11,9.17,9.25,8.98,9.0,7100287,,64558080.0
2021-01-12,8.95,9.1,8.89,9.01,6020406,,54108812.0
2021-01-13,9.01,9.25,8.82,9.15,8372006,,75467224.0
2021-01-14,9.13,9.16,8.99,9.06,5730405,,52068064.0
2021-01-15,9.03,9.1,9.0,9.07,3641700,,32986586.0
2021-01-18,9.07,9.14,9.01,9.1,5060607,,45976208.0
2021-01-19,9.1,9.1,8.95,8.99,5747099,,51814600.0
2021-01-20,9.03,9.03,8.89,8.99,5100245,,45592376.0
2021-01-21,9.06,9.21,9.04,9.1,7923060,,72344144.0
2021-01-22,9.09,9.69,9.05,9.63,23016534,,216764352.0
2021-01-25,9.6,9.6,9.28,9.33,14717760,,137835264.0
2021-01-26,9.21,9.46,9.21,9.37,8923177,,83374096.0
2021-01-27,9.33,9.48,9.09,9.12,9215915,,85557352.0
2021-01-28,8.9,9.05,8.88,8.91,7221546,,64679500.0
2021-01-29,8.91,9.03,8.28,8.43,11112302,,95277240.0
2021-02-01,8.35,8.42,8.15,8.37,7908067,,65691680.0
2021-02-02,8.4,8.52,8.34,8.4,5296900,,44588824.0
2021-02-03,8.42,8.5,8.1,8.11,6654405,,54602672.0
2021-02-04,7.97,8.1,7.57,7.61,9683221,,74770400.0
2021-02-05,7.65,7.79,7.28,7.38,7812000,,58823624.0
2021-02-08,7.32,7.4,7.22,7.39,4971565,,36423104.0
2021-02-09,7.43,7.6,7.36,7.57,4277154,,32095300.0
2021-02-10,7.63,7.82,7.6,7.77,5398860,,41834564.0
2021-02-18,7.9,7.94,7.77,7.8,6245802,,48989076.0
2021-02-19,7.81,8.15,7.75,8.15,7646600,,60876564.0
2021-02-22,8.18,8.3,8.05,8.08,10213378,,83585168.0
2021-02-23,8.03,8.16,7.92,7.97,5260100,,42098600.0
2021-02-24,8.01,8.13,7.93,8.0,4739926,,38040792.0
2021-02-25,8.05,8.08,7.87,7.89,3755100,,29768584.0
2021-02-26,7.89,7.98,7.77,7.89,3878800,,30647288.0
2021-03-01,7.98,8.19,7.98,8.18,6865567,,55808468.0
2021-03-02,8.22,8.26,8.14,8.22,5798704,,47533528.0
2021-03-03,8.22,8.27,8.11,8.26,5383113,,44138420.0
2021-03-04,8.25,8.39,8.18,8.24,6294401,,52248808.0
2021-03-05,8.2,8.34,8.14,8.28,4476816,,37073144.0
2021-03-08,8.29,8.35,8.17,8.18,5858017,,48531244.0
2021-03-09,8.25,8.25,7.74,8.17,8231642,,66307408.0
2021-03-10,8.19,8.24,7.98,8.02,5941715,,48157768.0
2021-03-11,8.02,8.18,7.97,8.15,4005716,,32516310.0
2021-03-12,8.16,8.73,8.16,8.48,15062856,,128425576.0
2021-03-15,8.35,8.51,8.28,8.4,7809914,,65445300.0
2021-03-16,8.4,8.41,8.31,8.39,5143615,,43015052.0
2021-03-17,8.4,8.43,8.27,8.34,4402054,,36662256.0
2021-03-18,8.34,8.58,8.28,8.47,7653152,,64559028.0
2021-03-19,8.4,8.42,8.3,8.34,4997800,,41796392.0
2021-03-22,8.26,8.4,8.26,8.38,4019451,,33572252.0
2021-03-23,8.44,8.44,8.26,8.3,3458660,,28761058.0
2021-03-24,8.27,8.32,8.11,8.13,4296441,,35239024.0
2021-03-25,8.12,8.13,8.0,8.03,3434793,,27646846.0
2021-03-26,8.02,8.08,8.01,8.05,3319607,,26729296.0
2021-03-29,8.06,8.09,8.01,8.02,3211102,,25816502.0
2021-03-30,8.21,8.48,8.19,8.29,8272050,,68725144.0
2021-03-31,8.25,8.36,8.15,8.3,4392458,,36325264.0
2021-04-01,8.26,8.3,8.17,8.23,3809767,,31289138.0
2021-04-02,8.27,8.27,8.17,8.25,3022765,,24831076.0
2021-04-06,8.24,8.34,8.19,8.33,4591576,,37947000.0
2021-04-07,8.33,8.55,8.32,8.49,7397478,,62642136.0
2021-04-08,8.48,8.5,8.37,8.43,4811269,,40502920.0
2021-04-09,8.42,8.76,8.37,8.71,13431234,,115852328.0
2021-04-12,8.66,9.05,8.61,8.92,14133251,,125012104.0
2021-04-13,8.87,9.05,8.69,8.91,10977115,,97303416.0
2021-04-14,8.84,8.88,8.74,8.83,6233310,,54844900.0
2021-04-15,8.83,8.99,8.61,8.83,7943399,,69956768.0
2021-04-16,8.83,8.84,8.69,8.74,5162059,,45286552.0
2021-04-19,8.71,8.78,8.69,8.73,5743113,,50170608.0
2021-04-20,8.69,8.87,8.51,8.53,8577686,,74381520.0
2021-04-21,8.5,8.98,8.47,8.87,12681437,,112097288.0
2021-04-22,8.88,8.95,8.72,8.76,7574500,,66728936.0
2021-04-23,8.77,9.2,8.66,9.15,19818202,,179109584.0
2021-04-26,9.21,9.57,9.15,9.17,24224095,,226789152.0
2021-04-27,9.18,9.65,9.06,9.56,24183216,,226690560.0
2021-04-28,9.23,9.23,8.6,8.6,30790502,,266729952.0
2021-04-29,8.48,8.48,8.1,8.17,18712165,,154335168.0
2021-04-30,7.91,8.3,7.91,8.17,9874629,,80577880.0
2021-05-06,8.17,8.26,8.07,8.13,6363401,,52075764.0
2021-05-07,8.1,8.13,7.91,7.93,8009405,,63730920.0
2021-05-10,7.91,8.13,7.91,8.1,6045826,,48596124.0
2021-05-11,8.14,8.22,7.98,8.12,5833250,,47309240.0
2021-05-12,8.12,8.12,8.01,8.12,4703252,,37949296.0
2021-05-13,8.15,8.32,8.1,8.24,7771789,,64037592.0
2021-05-14,8.24,8.32,8.18,8.28,6130002,,50600592.0
2021-05-17,8.22,8.28,8.15,8.18,5026102,,41207060.0
2021-05-18,8.19,8.22,8.02,8.11,4457400,,35985968.0
2021-05-19,8.09,8.18,8.02,8.05,4631703,,37436096.0
2021-05-20,8.02,8.04,7.91,7.95,4556001,,36239400.0
2021-05-21,7.95,8.1,7.93,8.01,3939200,,31652446.0
2021-05-24,8.01,8.07,7.9,7.95,3697289,,29370338.0
2021-05-25,7.98,8.01,7.95,7.99,3560292,,28380590.0
2021-05-26,7.99,8.04,7.93,8.03,4421632,,35352684.0
2021-05-27,8.04,8.06,7.99,8.05,5055802,,40607564.0
2021-05-28,8.05,8.05,7.92,7.96,4941333,,39366932.0
2021-05-31,7.97,8.05,7.95,8.05,4077800,,32681744.0
2021-06-01,8.08,8.17,8.05,8.16,6642200,,53978360.0
2021-06-02,8.15,8.16,8.03,8.05,4168703,,33621744.0
2021-06-03,8.06,8.07,7.94,7.95,3436128,,27411870.0
2021-06-04,7.91,8.39,7.9,8.11,8058206,,65653180.0
2021-06-07,8.2,8.26,7.97,8.07,6176504,,49723780.0
2021-06-08,8.0,8.07,7.97,8.0,3815115,,30515388.0
2021-06-09,7.98,8.0,7.96,7.98,2489615,,19867716.0
2021-06-10,8.01,8.02,7.93,7.95,3264955,,25967748.0
2021-06-11,7.96,7.97,7.9,7.91,3938283,,31174804.0
2021-06-15,7.91,7.92,7.66,7.67,4234901,,32808346.0
2021-06-16,7.68,7.79,7.68,7.7,2005400,,15488204.0
2021-06-17,7.66,7.75,7.66,7.69,1980005,,15218386.0
2021-06-18,7.75,7.81,7.7,7.74,2100300,,16279329.0
2021-06-21,7.71,7.8,7.71,7.75,2679202,,20789242.0
2021-06-22,7.78,7.79,7.72,7.74,2726800,,21106580.0
2021-06-23,7.74,7.74,7.67,7.69,2967601,,22817346.0
2021-06-24,7.88,7.88,7.7,7.71,3272100,,25396852.0
2021-06-25,7.67,7.73,7.65,7.69,2910002,,22349730.0
2021-06-28,7.7,7.72,7.62,7.66,3188005,,24372414.0
2021-06-29,7.63,7.65,7.61,7.61,2517900,,19199020.0
2021-06-30,7.62,7.62,7.42,7.48,4327000,,32423582.0
2021-07-01,7.46,7.57,7.42,7.44,2951200,,22150956.0
2021-07-02,7.45,7.48,7.31,7.32,3183017,,23345740.0
2021-07-05,7.35,7.37,7.31,7.35,1771500,,12997733.0
2021-07-06,7.39,7.39,7.25,7.31,2498053,,18228028.0
2021-07-07,7.32,7.38,7.27,7.38,2672600,,19570184.0
2021-07-08,7.41,7.41,7.26,7.28,2486951,,18155914.0
2021-07-09,7.25,7.33,7.22,7.32,2374206,,17243958.0
2021-07-12,7.24,7.24,7.03,7.13,8041636,,57316384.0
2021-07-13,7.13,7.13,7.04,7.06,4162300,,29379416.0
2021-07-14,7.18,7.44,7.11,7.34,10332806,,75155328.0
2021-07-15,7.35,7.38,7.16,7.33,5646310,,41045216.0
2021-07-16,7.29,7.41,7.24,7.3,3874551,,28319110.0
2021-07-19,7.29,7.37,7.18,7.31,3511600,,25598306.0
2021-07-20,7.28,7.45,7.27,7.41,4882300,,36040184.0
2021-07-21,7.42,7.42,7.32,7.35,3432167,,25221994.0
2021-07-22,7.37,7.38,7.27,7.3,3391717,,24790646.0
2021-07-23,7.3,7.41,7.28,7.36,4155300,,30556818.0
2021-07-26,7.32,7.41,7.27,7.36,3633000,,26630876.0
2021-07-27,7.34,7.35,7.1,7.12,3753800,,27039952.0
2021-07-28,7.12,7.57,7.11,7.55,10423904,,76727288.0
2021-07-29,7.55,7.58,7.38,7.52,6570603,,49195112.0
2021-07-30,7.42,7.58,7.26,7.52,7902200,,58759040.0
2021-08-02,7.52,7.58,7.39,7.55,5444606,,40871576.0
2021-08-03,7.52,7.75,7.45,7.7,9542826,,73152496.0
2021-08-04,7.72,7.72,7.55,7.66,5656196,,42983192.0
2021-08-05,7.65,7.68,7.45,7.45,5019300,,37779404.0
2021-08-06,7.43,7.64,7.42,7.52,3694454,,27749832.0
2021-08-09,7.52,7.55,7.46,7.53,2763577,,20763846.0
2021-08-10,7.52,7.53,7.47,7.51,2948203,,22090774.0
2021-08-11,7.55,7.58,7.44,7.53,4501044,,33755180.0
2021-08-12,7.53,7.61,7.45,7.46,3172801,,23755316.0
2021-08-13,7.45,7.45,7.3,7.34,4008526,,29522844.0
2021-08-16,7.32,7.4,7.3,7.37,2351700,,17310754.0
2021-08-17,7.32,7.36,7.2,7.21,3672243,,26683496.0
2021-08-18,7.21,7.28,7.21,7.26,1734540,,12566680.0
2021-08-19,7.25,7.28,7.22,7.24,1593728,,11544598.0
2021-08-20,7.21,7.25,7.12,7.24,2565702,,18419374.0
2021-08-23,7.24,7.33,7.22,7.29,1989765,,14488823.0
2021-08-24,7.29,7.34,7.24,7.25,2183700,,15908100.0
2021-08-25,7.25,7.28,7.21,7.23,2026090,,14641382.0
2021-08-26,7.23,7.28,7.15,7.2,2058666,,14843587.0
2021-08-27,7.16,7.16,7.06,7.11,3315406,,23530080.0
2021-08-30,7.13,7.19,7.03,7.14,3745603,,26666958.0
2021-08-31,7.09,7.19,7.09,7.17,2381352,,17023704.0
2021-09-01,7.22,7.22,7.11,7.2,2090200,,14967373.0
2021-09-02,7.18,7.18,7.13,7.17,1737024,,12429520.0
2021-09-03,7.15,7.24,7.15,7.2,2279300,,16436205.0
2021-09-06,7.2,7.25,7.16,7.24,2612501,,18854694.0
2021-09-07,7.25,7.3,7.17,7.26,2761303,,19997038.0
2021-09-08,7.25,7.29,7.22,7.29,3302603,,23985572.0
2021-09-09,7.29,7.29,7.26,7.27,2514879,,18287060.0
2021-09-10,7.27,7.28,7.2,7.21,2559230,,18494704.0
2021-09-13,7.22,7.25,7.2,7.21,2276533,,16429808.0
2021-09-14,7.19,7.24,7.1,7.12,3125000,,22396226.0
2021-09-15,7.12,7.26,7.07,7.17,2868200,,20622528.0
2021-09-16,7.12,7.23,7.1,7.11,2179700,,15578980.0
2021-09-17,7.11,7.15,7.04,7.07,2717510,,19195634.0
2021-09-22,7.03,7.11,6.99,6.99,3717353,,26072218.0
2021-09-23,7.0,7.07,7.0,7.05,2794210,,19680580.0
2021-09-24,7.05,7.07,7.0,7.02,2185710,,15343808.0
2021-09-27,7.02,7.02,6.71,6.79,3596569,,24698632.0
2021-09-28,6.8,6.87,6.73,6.83,1490600,,10145208.0
2021-09-29,6.83,6.83,6.61,6.63,2495200,,16690692.0
2021-09-30,6.7,6.73,6.63,6.69,1288902,,8602579.0
2021-10-08,6.68,6.84,6.67,6.81,1690909,,11478484.0
2021-10-11,6.81,6.89,6.76,6.85,1788409,,12228750.0
2021-10-12,6.86,6.87,6.72,6.83,1549301,,10530452.0
2021-10-13,6.77,6.84,6.71,6.74,2309100,,15569371.0
2021-10-14,6.74,6.76,6.68,6.7,2159400,,14478592.0
2021-10-15,6.6,6.65,6.46,6.51,4741701,,31004954.0
2021-10-18,6.53,6.53,6.33,6.35,4469100,,28466662.0
2021-10-19,6.34,6.38,6.29,6.3,3022500,,19098732.0
2021-10-20,6.32,6.32,6.17,6.18,3437010,,21306658.0
2021-10-21,6.23,6.25,6.18,6.2,2085550,,12963835.0
2021-10-22,6.2,6.22,6.15,6.19,1610511,,9970388.0
2021-10-25,6.2,6.24,6.18,6.24,1683300,,10449603.0
2021-10-26,6.26,6.26,6.18,6.18,1295310,,8041001.0
2021-10-27,6.2,6.23,5.91,5.95,3417401,,20504242.0
2021-10-28,5.99,5.99,5.8,5.86,2505147,,14670593.0
2021-10-29,5.85,6.04,5.83,6.03,2809415,,16716987.0
2021-11-01,6.08,6.08,5.94,6.04,2377710,,14296803.0
2021-11-02,6.05,6.07,5.9,5.97,1792200,,10711979.0
2021-11-03,5.97,6.26,5.94,6.21,5763211,,35608984.0
2021-11-04,6.17,6.2,6.04,6.07,6364901,,38740400.0
2021-11-05,6.09,6.09,5.99,6.0,2847700,,17135474.0
2021-11-08,6.6,6.6,6.39,6.39,18759335,,122596984.0
2021-11-09,6.34,6.43,6.12,6.3,10272145,,64131316.0
2021-11-10,6.4,6.44,6.22,6.39,7461811,,47417608.0
2021-11-11,6.38,6.88,6.34,6.75,15934068,,106355512.0
2021-11-12,6.88,6.91,6.74,6.8,7872489,,53807236.0
2021-11-15,6.9,7.48,6.9,7.48,21779113,,157101696.0
2021-11-16,7.63,8.23,7.53,8.23,33522430,,272323552.0
2021-11-17,9.05,9.05,8.68,9.05,22561329,,203531616.0
2021-11-18,9.96,9.96,9.3,9.96,71402881,,702400128.0
2021-11-19,10.1,10.96,10.0,10.96,38046711,,407534272.0
2021-11-22,12.06,12.06,12.06,12.06,4030151,,48603620.0
2021-11-23,13.27,13.27,13.27,13.27,5206305,,69087664.0
2021-11-24,14.6,14.6,14.6,14.6,2843007,,41507904.0
2021-11-25,16.06,16.06,16.06,16.06,1962725,,31521380.0
2021-11-26,17.19,17.27,15.01,15.67,120741100,,1946999168.0
2021-11-29,16.4,17.24,15.31,17.24,109096467,,1776594944.0
2021-11-30,18.0,18.96,17.66,18.96,57015829,,1055087296.0
2021-12-01,20.48,20.86,19.5,20.86,88725531,,1826924160.0
2021-12-02,21.7,22.94,20.38,21.24,110322324,,2412459520.0
2021-12-03,20.62,21.09,19.27,19.56,96570961,,1936901376.0
2021-12-06,19.98,20.46,19.0,19.89,81225319,,1607015936.0
2021-12-07,19.89,21.2,18.7,18.97,101546147,,2021215744.0
2021-12-08,17.7,18.8,17.56,18.52,83210959,,1509916672.0
2021-12-09,18.45,19.5,18.0,19.4,75776381,,1419938560.0
2021-12-10,19.55,20.15,18.68,18.88,89896583,,1745355008.0
2021-12-13,18.37,20.77,18.37,20.77,106783739,,2134690560.0
2021-12-14,21.01,22.85,20.51,22.85,94894835,,2082546816.0
2021-12-15,23.0,25.14,22.88,25.14,55880897,,1360631552.0
2021-12-16,27.6,27.6,25.3,25.93,120383105,,3199120640.0
2021-12-17,26.95,28.52,26.16,28.52,74924046,,2041884544.0
2021-12-20,30.99,31.37,30.1,31.37,23284508,,723040704.0
2021-12-21,34.51,34.51,34.51,34.51,2036315,,70273232.0
2021-12-22,37.96,37.96,32.51,37.96,110805698,,4068333824.0
2021-12-23,38.79,40.0,34.16,35.02,108297810,,3981234944.0
2021-12-24,34.5,38.52,33.0,38.52,81145624,,2979700480.0
2021-12-27,40.98,42.37,39.3,42.37,85391446,,3559586560.0
2021-12-28,42.97,46.61,41.02,45.5,101375106,,4534778368.0
2021-12-29,45.49,50.05,44.31,50.05,57405529,,2788557056.0
2021-12-30,52.01,55.06,52.0,55.06,49234376,,2673796352.0
2021-12-31,59.0,59.0,49.55,49.55,116032409,,6124403200.0
2022-01-04,48.18,53.99,46.13,51.85,107365195,,5404913152.0
2022-01-05,49.99,49.99,46.67,46.67,74932714,,3560192768.0
2022-01-06,45.85,48.56,44.82,47.62,75673627,,3573356544.0
2022-01-07,48.72,52.38,47.8,50.5,102838408,,5270262784.0
2022-01-10,51.89,54.5,49.5,51.42,80581701,,4188616448.0
2022-01-11,53.11,56.56,52.2,56.56,74806214,,4134881792.0
2022-01-12,60.22,62.22,59.88,62.22,23629259,,1451256448.0
2022-01-13,68.44,68.44,65.0,68.44,31376013,,2143543680.0
2022-01-14,75.28,75.28,72.54,75.28,17161064,,1289750912.0
2022-01-17,82.81,82.81,82.81,82.81,2839314,,235123600.0
2022-01-18,85.0,88.88,74.53,74.53,101127474,,8144061952.0
2022-01-19,67.08,72.87,67.08,70.6,107400017,,7395782144.0
2022-01-20,73.6,77.66,72.1,77.66,64820303,,4917676032.0
2022-01-21,77.66,77.66,69.89,69.89,40343410,,2890321408.0
2022-01-24,62.9,62.9,62.9,62.9,4368500,,274778656.0
2022-01-25,56.61,66.5,56.61,56.61,114631281,,6725311488.0
2022-01-26,56.0,56.97,51.1,52.24,99348719,,5303499776.0
2022-01-27,54.8,57.46,53.3,56.1,111809562,,6227956736.0
2022-01-28,55.85,61.71,55.5,61.71,97768249,,5832210944.0
2022-02-07,59.99,59.99,55.54,55.96,88669621,,5013601792.0
2022-02-08,55.51,61.56,54.0,61.56,85831069,,4952593408.0
2022-02-09,58.87,66.08,56.81,61.6,97969883,,5852767744.0
2022-02-10,60.0,67.76,60.0,65.1,103231457,,6765639680.0
2022-02-11,59.0,62.8,58.88,59.07,82590929,,4971693568.0
2022-02-14,58.0,60.28,53.5,55.15,72217772,,4078706688.0
2022-02-15,54.75,58.88,53.45,56.91,73154118,,4157466880.0
2022-02-16,58.0,61.39,56.55,59.7,68063738,,4031875072.0
2022-02-17,61.0,63.78,58.8,60.41,78228490,,4803830784.0
2022-02-18,60.42,66.45,60.42,66.45,89739715,,5777802240.0
2022-02-21,69.88,73.1,67.68,73.1,81048768,,5716028416.0
2022-02-22,70.0,72.13,66.67,69.09,78896036,,5462753792.0
2022-02-23,70.85,72.82,66.5,70.4,73638972,,5132871680.0
2022-02-24,69.0,69.52,63.36,63.36,69248013,,4580994048.0
2022-02-25,65.99,67.4,63.5,66.8,59472542,,3906002944.0
2022-02-28,65.48,65.8,60.8,64.27,62567305,,3991762176.0
2022-03-01,62.62,63.86,57.85,58.18,88318408,,5282151936.0
2022-03-02,56.92,60.89,55.01,59.7,75495332,,4412432896.0
2022-03-03,58.75,59.63,56.18,56.35,63670481,,3669702912.0
2022-03-04,56.21,58.88,56.01,56.93,54507952,,3147221504.0
2022-03-07,55.5,55.9,52.74,54.08,58495855,,3161343744.0
2022-03-08,54.01,54.25,48.67,48.67,60673340,,3061295360.0
2022-03-09,49.83,53.0,44.88,52.22,102164602,,4998119936.0
2022-03-10,50.2,55.22,48.88,53.98,91819414,,4758394368.0
2022-03-11,54.0,59.38,52.5,59.38,79947693,,4543432192.0
2022-03-14,62.0,65.19,59.0,59.68,114081781,,7101020672.0
2022-03-15,56.0,63.28,55.11,61.35,84803718,,5047513600.0
2022-03-16,60.11,63.06,56.96,60.74,82202634,,4924946432.0
2022-03-17,58.99,63.5,57.85,59.48,79929059,,4912290816.0
2022-03-18,58.0,59.25,56.65,57.64,58473902,,3374177024.0
2022-03-21,55.0,63.4,54.98,62.98,102764406,,6267411456.0
2022-03-22,61.4,62.4,58.65,58.9,66901547,,4018153984.0
2022-03-23,59.19,62.6,57.5,61.18,70800861,,4260903936.0
2022-03-24,61.18,67.3,60.73,67.3,94107480,,6140428800.0
2022-03-25,68.0,71.0,64.5,64.5,104505726,,7109926912.0
2022-03-28,66.3,70.95,65.3,70.43,82256967,,5600975872.0
2022-03-29,71.33,77.29,71.33,75.35,86140733,,6409057792.0
2022-03-30,74.0,82.89,71.21,80.5,100146641,,7752282112.0
2022-03-31,80.0,83.26,74.54,75.68,98013599,,7722711552.0
2022-04-01,77.5,79.62,75.0,75.9,66503467,,5162752512.0
2022-04-06,76.03,76.8,68.34,70.0,69683368,,4917275648.0
2022-04-07,67.8,71.99,67.5,70.09,61027571,,4266108160.0
2022-04-08,68.89,68.89,63.08,63.08,70614348,,4574851072.0
2022-04-11,60.56,67.9,60.06,67.7,74547637,,4787499520.0
2022-04-12,74.47,74.47,71.88,74.47,100716220,,7474059776.0
2022-04-13,76.0,81.92,75.86,81.92,57021986,,4546299392.0
2022-04-14,90.0,90.11,86.2,90.11,36686811,,3261109760.0
2022-04-15,95.99,99.12,81.1,81.1,165077251,,14862755840.0
2022-04-18,83.0,87.58,78.89,80.9,113270842,,9467865088.0
2022-04-19,78.61,81.61,76.03,80.63,82808743,,6529449472.0
2022-04-20,80.0,80.85,74.4,74.67,67335440,,5203557888.0
2022-04-21,74.67,80.88,73.18,80.0,88043453,,6811205120.0
2022-04-22,78.03,85.46,76.91,82.88,84126585,,6891008512.0
2022-04-25,83.0,84.8,77.68,80.58,72637607,,5905825280.0
2022-04-26,80.0,81.27,72.66,73.5,68709281,,5311911936.0
2022-04-27,71.72,78.08,70.18,76.7,65026162,,4826323968.0
2022-04-28,75.5,77.6,72.53,73.33,57410930,,4278325760.0
2022-04-29,75.0,80.66,74.0,80.66,69979804,,5495950336.0
2022-05-05,80.66,83.58,76.93,81.07,79595650,,6390082560.0
2022-05-06,78.31,84.69,77.35,79.86,71532330,,5804682752.0
2022-05-09,79.01,80.49,76.0,76.26,66988314,,5218036736.0
2022-05-10,74.6,75.6,72.51,73.76,67898567,,5011144704.0
2022-05-11,73.54,76.48,72.56,72.9,70971707,,5292044800.0
2022-05-12,71.5,76.2,68.69,74.66,84958183,,6225625600.0
2022-05-13,73.6,74.39,70.2,70.98,58979142,,4236598272.0
2022-05-16,69.92,72.9,69.92,71.22,42951417,,3072277504.0
2022-05-17,71.88,72.0,68.8,68.94,40159829,,2795493888.0
2022-05-18,68.8,70.98,67.8,69.79,38750485,,2702757888.0
2022-05-19,67.4,69.08,65.6,67.01,50442442,,3380754432.0
2022-05-20,66.12,70.58,66.12,68.57,51858618,,3536714752.0
2022-05-23,68.58,69.22,67.48,68.16,30794633,,2099144320.0
2022-05-24,68.05,68.3,62.8,63.5,51953003,,3385735424.0
2022-05-25,62.96,64.86,61.51,63.41,37147162,,2353396992.0
2022-05-26,63.2,63.84,61.7,61.81,32930950,,2051526272.0
2022-05-27,61.71,63.2,61.37,61.72,35298399,,2189906176.0
2022-05-30,61.03,61.42,59.68,60.07,34696924,,2090758912.0
2022-05-31,60.0,60.37,58.05,59.21,32324477,,1906077568.0
2022-06-01,59.51,62.3,59.25,59.84,40690528,,2464856832.0
2022-06-02,58.68,59.1,56.8,56.8,38213962,,2197879808.0
2022-06-06,56.79,60.35,56.36,59.57,43780370,,2574304256.0
2022-06-07,59.34,65.45,58.55,64.88,68995177,,4305651200.0
2022-06-08,63.25,63.48,61.51,61.55,49754551,,3098685184.0
2022-06-09,60.79,65.46,60.69,63.81,55407615,,3544284416.0
2022-06-10,64.0,66.3,63.65,63.86,43441224,,2805243392.0
2022-06-13,62.73,64.44,61.51,61.9,33465315,,2089742208.0
2022-06-14,60.99,61.85,58.78,60.77,33540828,,2015454720.0
2022-06-15,60.22,62.45,60.13,60.15,29707250,,1811961984.0
2022-06-16,59.8,61.2,59.12,60.5,25482564,,1537961728.0
2022-06-17,60.0,60.86,59.59,60.16,19624704,,1177689984.0
2022-06-20,60.12,61.91,59.88,61.35,31117340,,1892519808.0
2022-06-21,61.29,61.29,59.37,59.47,28200501,,1693104512.0
2022-06-22,63.0,65.42,62.31,65.42,48309344,,3130673152.0
2022-06-23,69.97,69.97,64.61,64.79,80213328,,5409709056.0
2022-06-24,63.06,64.79,62.2,62.29,49627456,,3131478784.0
2022-06-27,61.6,62.29,61.0,61.21,32500603,,1999736320.0
2022-06-28,61.12,61.12,59.6,60.51,29792003,,1790009344.0
2022-06-29,60.07,60.35,59.3,59.33,24784122,,1483144192.0
2022-06-30,59.02,61.05,59.02,60.06,25750828,,1549660928.0
2022-07-01,60.18,60.49,59.22,59.6,17693336,,1054229888.0
2022-07-04,59.7,64.9,59.7,61.98,43905123,,2737332480.0
2022-07-05,61.85,62.92,60.3,61.17,27701739,,1691586048.0
2022-07-06,61.17,61.86,60.35,60.76,17789909,,1082872192.0
2022-07-07,60.83,61.3,59.92,60.85,18672087,,1132986112.0
2022-07-08,60.85,61.2,60.6,60.82,15264510,,929243776.0
2022-07-11,60.93,63.91,60.91,62.79,44237688,,2784461824.0
2022-07-12,62.36,62.5,60.36,60.76,26770115,,1631423360.0
2022-07-13,61.37,61.46,60.28,61.04,16762695,,1020789632.0
2022-07-14,60.94,63.63,60.48,62.51,32078500,,1998640512.0
2022-07-15,57.3,60.43,57.27,58.48,51960824,,3070337792.0
2022-07-18,58.0,58.0,55.58,56.65,40414360,,2269967360.0
2022-07-19,56.65,56.88,55.66,55.89,23772232,,1332215168.0
2022-07-20,55.96,56.36,55.87,55.99,17972424,,1007071616.0
2022-07-21,55.93,55.93,53.7,53.73,34392112,,1866873088.0
2022-07-22,53.5,53.57,51.58,51.97,29319924,,1535613312.0
2022-07-25,51.66,53.97,51.66,53.08,28318488,,1510857856.0
2022-07-26,53.09,54.28,51.24,53.1,26110200,,1372198528.0
2022-07-27,52.67,53.63,52.2,53.03,16432850,,868246784.0
2022-07-28,52.9,53.36,52.58,52.72,16294429,,863434176.0
2022-07-29,52.99,53.16,51.8,51.89,13524859,,707307840.0
2022-08-01,52.49,52.98,51.92,51.99,14296016,,748572928.0
2022-08-02,51.0,51.25,48.5,48.8,25561336,,1260589440.0
2022-08-03,48.1,49.55,47.55,47.6,19742638,,960225280.0
2022-08-04,47.72,49.23,47.68,48.8,19380496,,938997312.0
2022-08-05,48.81,50.2,48.45,49.52,20970432,,1030783424.0
2022-08-08,49.82,51.36,49.68,49.81,22776376,,1146702208.0
2022-08-09,49.89,50.3,48.98,49.97,14247792,,708142464.0
2022-08-10,49.87,50.08,48.96,49.28,12167314,,602010496.0
2022-08-11,49.31,49.95,49.16,49.94,13756997,,683640896.0
2022-08-12,49.97,50.23,49.52,49.99,11705627,,584783232.0
2022-08-15,49.99,50.1,49.53,49.61,9774649,,486072672.0
2022-08-16,49.62,49.87,49.2,49.37,10118491,,500628896.0
2022-08-17,49.48,49.85,48.54,49.6,13882510,,682905088.0
2022-08-18,49.4,49.55,48.75,49.14,11157959,,547770880.0
2022-08-19,49.28,51.76,49.05,49.42,33391071,,1683204992.0
2022-08-22,49.05,50.28,46.8,49.18,24747827,,1200636032.0
2022-08-23,49.18,51.35,48.68,50.29,30637286,,1537843072.0
2022-08-24,50.5,50.66,48.4,48.48,21324172,,1049451136.0
2022-08-25,48.94,48.94,47.5,48.1,11490485,,552437056.0
2022-08-26,48.05,49.15,47.91,48.09,10910864,,528237600.0
2022-08-29,47.56,50.12,47.16,49.27,19719107,,964622656.0
2022-08-30,50.88,54.0,49.71,53.35,64046118,,3351380736.0
2022-08-31,52.51,52.93,50.0,50.24,40106137,,2063995520.0
2022-09-01,49.71,54.97,49.69,53.98,58345831,,3090705152.0
2022-09-02,54.22,54.89,52.53,53.48,39261668,,2102315904.0
2022-09-05,53.49,53.88,51.0,51.39,30384021,,1567460480.0
2022-09-06,51.2,52.11,50.8,51.56,21939812,,1127914112.0
2022-09-07,51.57,51.9,50.85,50.92,19268688,,987003456.0
2022-09-08,51.15,51.2,49.3,49.32,22288580,,1112644352.0
2022-09-09,49.75,50.35,49.65,49.73,14067993,,702736000.0
2022-09-13,49.34,50.15,49.0,49.42,12212097,,605048192.0
2022-09-14,48.75,49.0,48.05,48.52,12426159,,602398528.0
2022-09-15,48.62,48.78,46.51,47.04,17826100,,846241920.0
2022-09-16,47.06,47.23,45.57,45.59,12704802,,586673728.0
2022-09-19,45.0,45.58,44.49,44.49,11037519,,495122208.0
2022-09-20,44.75,45.79,44.51,45.29,11259944,,508683616.0
2022-09-21,45.0,45.19,44.34,45.11,9689701,,433879584.0
2022-09-22,45.0,45.5,44.3,44.31,11282500,,505423424.0
2022-09-23,44.59,44.88,42.9,43.3,12659487,,553982272.0
2022-09-26,42.93,43.73,42.61,42.7,9665150,,416338912.0
2022-09-27,42.7,43.7,42.64,43.67,14051471,,607377792.0
2022-09-28,43.37,46.98,43.26,45.0,29676268,,1354590720.0
2022-09-29,44.81,45.5,43.78,43.99,18440272,,821867584.0
2022-09-30,44.02,44.95,43.41,43.47,12894935,,568227008.0
2022-10-10,43.8,44.85,42.51,42.8,14150943,,619297856.0
2022-10-11,42.8,43.02,40.92,42.21,14530113,,606226240.0
2022-10-12,42.1,43.77,41.61,43.66,15979551,,683263680.0
2022-10-13,43.34,44.55,43.2,44.09,15257918,,672779648.0
2022-10-14,44.5,47.9,44.26,46.87,35175504,,1632487808.0
2022-10-17,48.8,51.56,48.31,51.56,52044081,,2605662464.0
2022-10-18,53.5,56.55,51.8,52.37,80921764,,4353224192.0
2022-10-19,50.98,53.49,50.2,52.04,42172048,,2202531072.0
2022-10-20,51.17,53.6,50.78,51.04,41043784,,2144445952.0
2022-10-21,50.51,51.32,50.01,50.35,27069488,,1366492800.0
2022-10-24,50.99,50.99,48.5,48.6,26105773,,1287973632.0
2022-10-25,48.6,48.86,46.76,47.74,22413094,,1067260672.0
2022-10-26,48.15,49.94,48.1,49.3,31614671,,1560659712.0
2022-10-27,49.2,50.71,48.6,49.94,29094003,,1442193152.0
2022-10-28,49.4,50.38,48.32,48.4,21458054,,1058098368.0
2022-10-31,49.0,50.73,49.0,49.34,24936606,,1240267264.0
2022-11-01,49.57,50.4,48.35,50.04,28311037,,1398557312.0
2022-11-02,49.4,53.8,49.25,52.11,50580365,,2628615424.0
2022-11-03,50.99,51.24,50.3,50.6,25793961,,1306203136.0
2022-11-04,48.6,50.74,48.41,50.25,40454347,,2000295808.0
2022-11-07,49.9,52.2,49.8,50.94,31331419,,1603542272.0
2022-11-08,51.0,51.16,49.68,50.09,18859297,,945766400.0
2022-11-09,50.0,50.81,49.81,49.91,17574112,,882481216.0
2022-11-10,49.6,51.55,49.37,50.03,26469058,,1334275456.0
2022-11-11,50.8,53.55,50.04,50.47,51786766,,2672226304.0
2022-11-14,49.85,50.99,48.56,49.9,31191483,,1551437568.0
2022-11-15,49.85,51.2,48.51,51.07,36215747,,1800788224.0
2022-11-16,51.16,51.79,49.7,49.85,27217284,,1377151616.0
2022-11-17,49.68,50.1,48.9,49.19,18430436,,909832320.0
2022-11-18,49.2,52.25,49.2,50.69,44905239,,2291264768.0
2022-11-21,50.58,55.76,50.2,55.76,53693454,,2919299584.0
2022-11-22,59.14,59.38,52.96,53.66,91435825,,5143145984.0
2022-11-23,56.77,58.49,55.42,57.13,78484744,,4466627072.0
2022-11-24,56.01,62.84,56.0,62.84,86132528,,5192354304.0
2022-11-25,62.48,63.88,59.44,61.76,80095714,,4911330304.0
2022-11-28,61.9,64.55,59.6,60.72,62857066,,3880681472.0
2022-11-29,59.3,66.5,58.36,64.88,84235513,,5256409088.0
2022-11-30,63.7,64.68,61.3,62.2,58197407,,3656563712.0
2022-12-01,61.63,62.2,57.4,58.18,56347418,,3313919488.0
2022-12-02,58.3,60.95,58.09,59.12,45972376,,2740215808.0
2022-12-05,59.2,59.8,57.39,57.88,40979334,,2387830016.0
2022-12-06,58.02,58.49,55.5,55.88,42412916,,2392692992.0
2022-12-07,55.88,57.97,55.1,57.43,40078796,,2271966976.0
2022-12-08,57.74,58.5,56.02,58.3,45647510,,2623616256.0
2022-12-09,59.49,64.13,58.71,64.13,102848464,,6454623744.0
2022-12-12,64.3,67.71,63.72,64.9,92740760,,6078789120.0
2022-12-13,63.31,63.7,61.69,62.1,53775048,,3363518720.0
2022-12-14,62.12,62.47,58.9,59.16,38791910,,2321435648.0
2022-12-15,59.16,63.39,59.09,62.6,51472709,,3161939968.0
2022-12-16,62.1,63.5,61.66,62.09,38099456,,2386192896.0
2022-12-19,64.0,65.62,61.61,64.03,57983868,,3716312320.0
2022-12-20,62.59,63.4,59.18,59.25,39748636,,2398875904.0
2022-12-21,59.24,61.56,58.88,60.82,28177002,,1696782848.0
2022-12-22,60.79,60.8,57.43,57.75,29139634,,1709847296.0
2022-12-23,57.05,60.0,56.15,58.31,29571576,,1711669888.0
2022-12-26,58.47,58.49,56.4,56.78,23594835,,1346260224.0
2022-12-27,56.01,56.78,52.25,53.4,35162483,,1876521344.0
2022-12-28,53.2,54.97,53.15,53.8,23542986,,1272083584.0
2022-12-29,53.5,53.78,52.09,52.15,19759792,,1043420608.0
2022-12-30,52.55,52.69,50.92,51.11,18935062,,975595776.0
2023-01-03,51.15,51.69,50.62,51.53,14545039,,746324288.0
2023-01-04,51.6,51.61,50.0,50.25,18092485,,916348800.0
2023-01-05,50.01,50.69,49.75,50.34,12794861,,644513728.0
2023-01-06,50.45,51.49,50.01,51.2,17707891,,899422208.0
2023-01-09,51.65,51.68,50.71,51.08,12911327,,660097088.0
2023-01-10,51.07,51.59,50.29,51.25,10508223,,536463168.0
2023-01-11,51.2,51.85,50.79,50.88,12888539,,661164288.0
2023-01-12,50.7,50.95,50.31,50.37,9425206,,476164800.0
2023-01-13,50.48,50.68,50.31,50.67,7707173,,389466176.0
2023-01-16,50.64,51.33,50.53,50.9,10307188,,525753824.0
2023-01-17,50.87,50.87,50.22,50.4,8986781,,453007392.0
2023-01-18,50.3,50.59,50.15,50.25,6066371,,305540448.0
2023-01-19,50.15,50.48,49.57,50.0,9634426,,482130144.0
2023-01-20,50.4,51.88,50.3,51.22,19424508,,995913024.0
2023-01-30,51.4,51.55,50.9,51.02,14522960,,742541504.0
2023-01-31,51.0,51.01,50.03,50.42,10761141,,542721472.0
2023-02-01,51.4,54.74,50.9,53.85,38619255,,2041059840.0
2023-02-02,53.83,53.83,52.86,52.97,19290388,,1026878336.0
2023-02-03,52.82,53.37,52.34,53.1,13408672,,709207104.0
2023-02-06,52.84,52.97,51.86,51.97,11752850,,615121344.0
2023-02-07,51.97,52.58,51.91,52.17,9555777,,498995808.0
2023-02-08,52.16,52.16,51.6,51.68,8051623,,417452576.0
2023-02-09,51.68,51.99,51.39,51.92,8062019,,417309408.0
2023-02-10,51.8,52.18,51.47,51.96,8213446,,425525664.0
2023-02-13,52.03,52.28,51.8,52.01,8135763,,423042240.0
2023-02-14,52.0,52.1,51.71,51.89,7500535,,388990752.0
2023-02-15,51.83,51.98,51.18,51.21,10260650,,528362272.0
2023-02-16,51.18,51.88,49.96,50.3,13509272,,690004032.0
2023-02-17,50.23,52.44,49.8,51.29,16733976,,855278336.0
2023-02-20,51.34,51.5,50.35,51.0,9247493,,469650016.0
2023-02-21,51.03,51.22,50.66,50.92,7402955,,376936992.0
2023-02-22,50.7,51.11,50.56,50.79,6370178,,323887296.0
2023-02-23,51.0,51.06,50.43,50.48,6676775,,338116160.0
2023-02-24,50.48,50.79,50.13,50.28,6621456,,333605376.0
2023-02-27,50.16,50.38,49.0,49.04,12292943,,609597888.0
2023-02-28,49.02,49.3,48.15,49.22,9967914,,486719392.0
2023-03-01,49.19,49.35,48.83,49.2,6685057,,328198976.0
2023-03-02,49.15,49.3,48.52,48.58,8342411,,407398752.0
2023-03-03,48.54,48.98,48.34,48.51,6139757,,298314368.0
2023-03-06,48.52,48.68,48.3,48.56,5834149,,282883264.0
2023-03-07,48.56,49.88,48.31,48.89,14258613,,700205120.0
2023-03-08,48.68,48.68,48.15,48.33,6908912,,333900960.0
2023-03-09,48.33,48.75,48.15,48.28,5524319,,267146112.0
2023-03-10,48.16,48.16,47.15,47.19,8385985,,398325472.0
2023-03-13,45.5,46.25,42.78,45.85,17957802,,806921792.0
2023-03-14,45.8,46.47,44.4,44.85,9996214,,451700736.0
2023-03-15,45.18,46.15,45.09,45.19,9249666,,421805696.0
2023-03-16,45.1,45.37,44.44,44.47,6867859,,308212064.0
2023-03-17,44.77,44.91,44.3,44.38,6575941,,293122592.0
2023-03-20,44.35,44.46,43.59,43.86,7496132,,329883040.0
2023-03-21,43.86,44.64,43.86,44.54,7704232,,341364832.0
2023-03-22,44.58,45.08,44.32,44.44,7136862,,318758528.0
2023-03-23,44.4,44.67,44.02,44.65,6347146,,281743008.0
2023-03-24,44.89,45.65,44.61,44.87,11906664,,535709536.0
2023-03-27,44.7,45.45,44.3,45.17,9607018,,432399872.0
2023-03-28,45.06,45.28,44.6,44.81,6667437,,299523776.0
2023-03-29,44.57,44.88,44.15,44.2,6970567,,309630304.0
2023-03-30,44.2,44.3,43.81,44.03,5751823,,252986448.0
2023-03-31,44.2,44.35,44.02,44.17,4683714,,206963504.0
2023-04-03,44.0,44.8,43.92,44.54,7526416,,333880672.0
2023-04-04,44.55,45.09,44.23,44.37,9376224,,418403744.0
2023-04-06,44.37,46.37,44.27,45.9,18673838,,852859904.0
2023-04-07,45.8,46.1,45.33,45.64,8120725,,370349152.0
2023-04-10,45.51,45.84,44.92,45.04,7401533,,335000352.0
2023-04-11,45.04,45.26,44.75,45.13,5973690,,268741024.0
2023-04-12,45.12,45.3,44.83,44.88,5137139,,231191728.0
2023-04-13,44.84,45.13,44.3,44.92,6052448,,270884384.0
2023-04-14,45.0,45.95,44.88,45.62,9278196,,421116288.0
2023-04-17,45.7,46.08,45.33,45.88,8273028,,378248288.0
2023-04-18,45.91,47.15,45.78,46.68,10947480,,510850080.0
2023-04-19,46.32,46.65,45.81,45.88,7810492,,359609856.0
2023-04-20,46.0,46.05,45.1,45.12,5414246,,245379200.0
2023-04-21,45.26,46.9,45.26,45.75,13358972,,618633920.0
2023-04-24,46.13,46.44,45.2,45.65,8720404,,398960352.0
2023-04-25,45.4,45.45,43.46,43.78,10045185,,443293056.0
2023-04-26,43.51,44.87,43.45,44.4,7160457,,317902976.0
2023-04-27,44.23,44.65,42.2,43.21,11786693,,509970976.0
2023-04-28,43.26,45.28,42.81,44.99,13242451,,590298368.0
2023-05-04,43.0,43.49,41.9,42.36,16877944,,715165632.0
2023-05-05,42.16,42.4,41.2,41.67,10385446,,432813184.0
2023-05-08,41.66,41.87,40.96,41.09,7368014,,303868448.0
2023-05-09,40.98,41.08,39.9,40.05,10156351,,409932096.0
2023-05-10,39.99,40.57,39.62,40.3,7192387,,288029408.0
2023-05-11,40.29,40.43,40.0,40.03,4974885,,199647792.0
2023-05-12,39.86,40.2,39.83,39.9,4174515,,166984176.0
2023-05-15,40.08,40.26,39.76,40.19,5459748,,218560752.0
2023-05-16,40.29,41.2,39.85,40.92,9856408,,398985504.0
2023-05-17,40.6,40.61,40.24,40.34,5003408,,202066048.0
2023-05-18,40.36,40.54,39.92,39.98,4944075,,198380400.0
2023-05-19,39.99,40.26,39.92,40.14,3812151,,153006128.0
2023-05-22,40.21,40.34,39.84,40.01,3896908,,155878864.0
2023-05-23,39.98,40.97,39.9,40.62,10159336,,413439168.0
2023-05-24,40.45,40.45,39.9,40.06,5782788,,231849184.0
2023-05-25,40.17,40.19,39.25,39.37,6690755,,264836896.0
2023-05-26,39.3,39.3,38.1,38.68,7406071,,285876096.0
2023-05-29,39.38,40.99,39.37,39.44,9522221,,381107744.0
2023-05-30,39.38,39.68,38.74,39.32,5264699,,206450416.0
2023-05-31,39.28,39.8,39.0,39.02,4911295,,193057440.0
2023-06-01,39.0,39.74,38.55,39.08,6020023,,235402512.0
2023-06-02,39.1,40.14,39.02,39.58,6926703,,274266016.0
2023-06-05,39.65,39.88,39.36,39.7,4459854,,176593728.0
2023-06-06,40.05,41.81,39.8,40.93,17537876,,716134144.0
2023-06-07,40.6,40.8,39.91,40.0,8908753,,358054112.0
2023-06-08,40.03,40.16,39.36,39.78,5940108,,235997200.0
2023-06-09,39.78,41.0,39.69,41.0,11880911,,478697344.0
2023-06-12,40.8,40.8,40.12,40.37,9314526,,376360352.0
2023-06-13,38.06,38.16,37.37,37.45,9357156,,351828480.0
2023-06-14,37.38,37.6,36.57,36.57,8842153,,327130656.0
2023-06-15,36.57,36.76,36.21,36.61,6000540,,218907776.0
2023-06-16,36.65,36.94,36.63,36.68,4522856,,166227520.0
2023-06-19,36.59,36.67,36.35,36.39,4965317,,180858272.0
2023-06-20,36.39,36.46,35.92,35.93,5576650,,201353456.0
2023-06-21,35.9,36.2,35.63,35.63,4198294,,150392448.0
2023-06-26,35.57,35.58,34.86,34.86,5349533,,188019840.0
2023-06-27,34.85,35.56,34.85,35.31,4840387,,170920384.0
2023-06-28,35.3,35.47,34.73,34.93,4533438,,158458608.0
2023-06-29,34.93,35.2,34.84,34.85,3281464,,114797880.0
2023-06-30,34.79,35.24,34.79,35.21,3785167,,132951808.0
2023-07-03,35.2,35.58,35.13,35.5,4868686,,172481248.0
2023-07-04,35.49,35.65,35.22,35.47,3997112,,141375616.0
2023-07-05,35.47,35.49,34.96,35.01,4249078,,149384768.0
2023-07-06,34.91,35.09,34.68,34.69,3890583,,135347984.0
2023-07-07,34.64,34.78,34.46,34.56,2992200,,103478720.0
2023-07-10,34.64,34.99,34.58,34.67,3095235,,107661208.0
2023-07-11,34.7,34.87,34.53,34.87,3492196,,121291104.0
2023-07-12,34.77,34.79,34.41,34.43,4106616,,141964832.0
2023-07-13,34.59,34.85,34.51,34.69,3692104,,128028512.0
2023-07-14,34.7,34.72,34.49,34.55,3460300,,119566880.0
2023-07-17,34.2,34.2,33.75,34.13,4089875,,139108272.0
2023-07-18,34.3,34.57,34.24,34.3,3212210,,110360960.0
2023-07-19,34.26,36.07,34.16,35.26,11739659,,414567456.0
2023-07-20,34.97,35.06,34.58,34.6,6239275,,217139216.0
2023-07-21,34.55,35.18,34.38,34.87,4877557,,169443504.0
2023-07-24,35.3,36.3,34.91,35.47,9404092,,335309824.0
2023-07-25,35.53,35.65,35.26,35.54,6151596,,218089440.0
2023-07-26,35.39,35.64,35.31,35.54,4529334,,160878912.0
2023-07-27,35.75,36.0,35.41,35.45,5581113,,199377712.0
2023-07-28,35.36,35.57,35.07,35.47,5178178,,183065552.0
2023-07-31,35.5,35.86,35.48,35.71,6225765,,222169920.0
2023-08-01,35.71,35.73,35.33,35.37,4119731,,145989552.0
2023-08-02,35.29,35.34,35.03,35.08,3727783,,130932216.0
2023-08-03,35.1,35.77,35.05,35.71,6440124,,228584928.0
2023-08-04,35.65,36.0,35.4,35.56,5066448,,180647760.0
2023-08-07,35.69,35.75,35.1,35.3,4834452,,170532768.0
2023-08-08,35.26,35.65,35.13,35.49,4070239,,144138240.0
2023-08-09,35.51,35.99,35.35,35.71,7237039,,258412272.0
2023-08-10,35.67,35.83,35.24,35.3,4949998,,175333392.0
2023-08-11,35.37,36.6,35.31,35.72,13134089,,474035072.0
2023-08-14,35.48,35.51,34.56,34.9,8665884,,302206560.0
2023-08-15,34.8,34.9,34.34,34.44,5003088,,172752624.0
2023-08-16,34.39,37.3,34.3,35.4,19871144,,716508288.0
2023-08-17,35.02,35.4,34.74,35.0,9450016,,330221472.0
2023-08-18,35.19,35.47,34.58,34.6,7876511,,274915168.0
2023-08-21,34.71,35.09,34.08,34.32,6240804,,215711920.0
2023-08-22,34.16,34.32,33.65,33.96,6359482,,215782528.0
2023-08-23,33.92,34.1,33.64,33.64,3870680,,130949800.0
2023-08-24,33.78,33.89,33.39,33.56,3791842,,127525304.0
2023-08-25,33.49,33.68,33.04,33.05,3814237,,127244776.0
2023-08-28,34.86,34.88,33.42,33.55,7743472,,263974288.0
2023-08-29,33.36,34.2,33.35,34.19,6170523,,209418480.0
2023-08-30,35.67,37.61,35.48,37.61,43611656,,1609318912.0
2023-08-31,37.59,37.59,36.79,37.11,23518180,,873278656.0
2023-09-01,36.9,38.05,36.88,37.02,13236340,,494118560.0
2023-09-04,37.2,37.28,36.7,36.86,8786204,,323934464.0
2023-09-05,36.71,36.86,36.32,36.39,6406993,,233660496.0
2023-09-06,36.45,36.85,36.19,36.24,6844880,,248930256.0
2023-09-07,36.18,36.44,36.01,36.1,5593818,,202505392.0
2023-09-08,36.2,36.48,36.04,36.32,5503007,,199560224.0
2023-09-11,36.28,36.78,36.21,36.55,7142478,,261150512.0
2023-09-12,36.68,36.86,36.46,36.58,5433344,,199206000.0
2023-09-13,36.58,36.73,36.2,36.67,6900216,,251686032.0
2023-09-14,36.67,36.99,36.48,36.68,4619102,,169279616.0
2023-09-15,36.78,36.96,36.61,36.69,5906001,,217241456.0
2023-09-18,36.69,36.84,36.48,36.73,5325021,,195239216.0
2023-09-19,36.75,36.96,36.43,36.72,4823504,,176960208.0
2023-09-20,36.63,36.81,36.45,36.58,3888100,,142400368.0
2023-09-21,36.73,37.89,36.55,37.39,16776846,,625798464.0
2023-09-22,37.79,38.09,36.91,37.52,12669365,,474008320.0
2023-09-25,37.17,38.37,37.16,37.84,13357147,,506941280.0
2023-09-26,37.7,37.82,37.08,37.42,7912980,,296343232.0
2023-09-27,37.36,37.58,37.22,37.28,5996566,,224313024.0
2023-09-28,37.4,37.59,37.24,37.32,6166099,,230526592.0
2023-10-09,37.06,37.53,36.56,37.19,7166175,,265610880.0
2023-10-10,37.2,37.36,36.87,37.04,3882987,,143850032.0
2023-10-11,37.06,37.67,37.0,37.05,7458902,,278845632.0
2023-10-12,37.09,37.45,37.01,37.12,5109894,,189986752.0
2023-10-13,37.11,37.37,36.86,37.05,5530070,,205015808.0
2023-10-16,36.98,37.21,36.61,36.86,6441354,,237952432.0
2023-10-17,36.79,36.93,36.21,36.6,6005013,,219193472.0
2023-10-18,36.41,36.49,35.8,35.86,5477590,,197361376.0
2023-10-19,35.7,35.7,34.89,34.89,5370383,,189548496.0
2023-10-20,34.8,35.07,34.59,34.6,4027640,,140319904.0
2023-10-23,34.6,34.67,34.04,34.11,4148471,,142350336.0
2023-10-24,34.34,34.55,34.14,34.38,3362936,,115486024.0
2023-10-25,34.57,35.31,34.48,34.91,4607238,,160391568.0
2023-10-26,34.7,35.04,34.32,34.97,3868931,,134123936.0
2023-10-27,34.87,35.67,34.7,35.5,5647227,,199352528.0
2023-10-30,35.46,35.97,35.33,35.8,5115147,,182910336.0
2023-10-31,35.74,36.0,35.51,35.73,3775158,,134903088.0
2023-11-01,35.5,36.25,35.25,35.88,6664100,,239294960.0
2023-11-02,35.99,36.28,35.86,35.88,4405008,,158777776.0
2023-11-03,35.88,36.35,35.88,36.18,4619940,,166972368.0
2023-11-06,36.16,36.45,36.02,36.2,5857463,,212014960.0
2023-11-07,36.13,38.2,36.11,37.6,22426408,,841540352.0
2023-11-08,37.43,37.86,37.35,37.48,8509989,,319780096.0
2023-11-09,37.48,38.26,37.3,37.3,8136131,,307346304.0
2023-11-10,37.35,37.56,37.03,37.26,5161277,,192912192.0
2023-11-13,37.25,37.45,37.01,37.05,4393281,,163174080.0
2023-11-14,37.04,37.2,36.72,36.99,3807081,,140433264.0
2023-11-15,37.1,37.25,36.86,36.98,3268400,,120935888.0
2023-11-16,36.97,36.97,36.62,36.63,3085401,,113296456.0
2023-11-17,36.53,36.74,36.4,36.56,3203769,,117169200.0
2023-11-20,36.68,36.94,36.44,36.91,4565228,,167680480.0
2023-11-21,37.0,39.2,37.0,37.48,16142237,,617274432.0
2023-11-22,37.19,37.47,36.53,36.58,6843774,,252489200.0
2023-11-23,36.58,37.17,36.52,37.12,5487354,,202226080.0
2023-11-24,37.03,37.68,36.93,37.64,7420632,,276812544.0
2023-11-27,37.68,37.68,36.53,36.73,7804845,,287267712.0
2023-11-28,36.7,37.25,36.22,36.93,5033786,,185305120.0
2023-11-29,36.89,37.68,36.74,36.96,5847484,,217504832.0
2023-11-30,36.53,37.2,36.53,37.0,3748279,,138440448.0
2023-12-01,37.01,37.35,36.96,37.23,4273336,,158826240.0
2023-12-04,37.1,37.46,36.7,37.17,4282313,,159294768.0
2023-12-05,37.08,37.09,36.27,36.27,4938800,,180821200.0
2023-12-06,36.19,36.26,35.74,36.02,4322661,,155702688.0
2023-12-07,36.0,37.65,35.61,36.56,10542645,,386603872.0
2023-12-08,36.43,37.47,36.31,37.15,9326694,,344997344.0
2023-12-11,37.1,37.16,36.28,37.08,5615723,,206013152.0
2023-12-12,37.0,39.0,37.0,38.48,20888316,,799707456.0
2023-12-13,38.49,39.13,38.12,38.18,14795846,,573400448.0
2023-12-14,37.95,38.57,37.91,37.92,8019463,,305912896.0
2023-12-15,38.0,38.21,37.4,37.43,5850640,,220709872.0
2023-12-18,37.45,37.95,37.12,37.25,4806479,,180184304.0
2023-12-19,37.27,38.83,37.27,37.68,9321237,,355201344.0
2023-12-20,37.8,38.74,37.65,38.12,9356358,,357769088.0
2023-12-21,37.87,38.07,37.37,37.93,6339025,,239308704.0
2023-12-22,37.93,38.1,37.21,37.42,5094388,,191117760.0
2023-12-25,37.22,37.72,37.0,37.36,3400631,,126935552.0
2023-12-26,37.28,37.28,36.48,37.08,4324238,,159558368.0
2023-12-27,36.99,37.56,36.82,37.3,4154557,,154891936.0
2023-12-28,37.31,37.62,36.95,37.58,5243163,,195721904.0
2023-12-29,37.43,37.73,37.4,37.67,4548967,,170999024.0
2024-01-02,37.65,38.06,37.32,37.78,5155586,,194547056.0
2024-01-03,37.78,38.98,37.72,38.45,9434073,,361781920.0
2024-01-04,39.01,42.3,38.92,42.3,48089215,,1986857728.0
2024-01-05,42.2,45.55,41.2,43.43,58450394,,2514464512.0
2024-01-08,44.21,44.5,41.79,42.62,33872375,,1453089664.0
2024-01-09,42.36,42.9,40.87,41.7,23846890,,996114240.0
2024-01-10,41.9,42.53,41.17,41.36,16062297,,671354624.0
2024-01-11,41.35,41.66,40.88,41.46,11802037,,486835072.0
2024-01-12,41.38,41.45,39.8,39.8,14357676,,580155520.0
2024-01-15,39.8,40.55,39.4,39.62,9955264,,397914144.0
2024-01-16,39.82,39.85,37.91,38.47,13907607,,536405312.0
2024-01-17,38.43,38.71,37.98,38.04,8462789,,324100288.0
2024-01-18,37.88,38.52,36.8,38.45,12502723,,469210304.0
2024-01-19,38.17,38.69,37.86,37.86,5873483,,224868736.0
2024-01-22,37.87,37.98,36.5,36.9,9349814,,346573504.0
2024-01-23,36.5,37.4,36.18,37.21,5980735,,220961760.0
2024-01-24,37.45,38.32,37.23,38.25,9574403,,361952544.0
2024-01-25,38.29,38.69,37.9,38.43,9291075,,354884896.0
2024-01-26,38.31,39.34,38.01,38.32,9703573,,374707776.0
2024-01-29,38.48,38.63,37.05,37.21,7086512,,265442832.0
2024-01-30,37.38,37.95,36.95,37.05,5146890,,192533472.0
2024-01-31,37.0,37.01,35.53,35.53,6533092,,235997840.0
2024-02-01,35.35,37.05,35.2,36.5,8506021,,309099680.0
2024-02-02,36.51,36.69,34.0,34.82,6799938,,239702896.0
2024-02-05,34.68,34.7,32.56,33.26,9115610,,306539840.0
2024-02-06,35.19,36.59,35.17,36.59,8574073,,311603776.0
2024-02-07,38.05,40.25,37.59,39.8,30529390,,1210726656.0
2024-02-08,39.6,40.89,38.7,40.01,22688044,,911076672.0
2024-02-19,40.5,40.54,39.41,40.05,11468222,,457354912.0
2024-02-20,39.91,40.76,39.66,40.2,8443314,,339961600.0
2024-02-21,40.06,40.51,39.71,40.23,10996708,,441864576.0
2024-02-22,40.01,40.3,39.85,40.09,7527166,,300872256.0
2024-02-23,40.06,40.18,39.51,39.95,9330904,,371871616.0
2024-02-26,39.91,40.24,39.65,39.81,5995944,,239564976.0
2024-02-27,39.91,40.03,39.52,40.0,6285581,,249932016.0
2024-02-28,40.0,40.96,39.62,39.75,12478778,,503469664.0
2024-02-29,39.55,40.5,39.42,40.28,11175605,,448189056.0
2024-03-01,40.22,41.47,40.06,41.04,11053697,,451026848.0
2024-03-04,41.15,41.67,40.65,41.51,8893168,,365932000.0
2024-03-05,41.51,41.51,40.72,41.13,7083027,,291182592.0
2024-03-06,41.01,41.3,40.83,40.96,4766699,,195464848.0
2024-03-07,40.91,41.21,40.67,40.8,5873322,,240498720.0
2024-03-08,40.79,41.04,40.64,40.85,3724036,,152039600.0
2024-03-11,40.75,41.05,40.63,41.03,4662778,,190652784.0
2024-03-12,40.98,41.28,40.64,40.73,5376412,,219664608.0
2024-03-13,40.68,41.12,40.5,40.92,6332651,,258538400.0
2024-03-14,41.07,41.24,40.34,40.69,6630989,,269731584.0
2024-03-15,40.66,42.58,40.31,42.43,17145192,,713235776.0
2024-03-18,41.87,42.14,41.42,41.77,11777679,,491262368.0
2024-03-19,41.96,44.44,41.89,42.83,18708394,,809245440.0
2024-03-20,43.31,47.11,43.31,47.11,54276584,,2495729664.0
2024-03-21,49.88,51.82,48.9,50.05,75492624,,3807702016.0
2024-03-22,50.02,54.98,47.61,51.69,64491084,,3260381440.0
2024-03-25,53.61,54.0,48.3,48.43,58264184,,2985876480.0
2024-03-26,47.5,48.58,45.0,45.15,48254160,,2247282176.0
2024-03-27,45.02,45.65,43.24,43.51,27793440,,1225629952.0
2024-03-28,43.47,45.0,43.22,44.03,24049474,,1062984896.0
2024-03-29,43.97,44.79,43.63,44.12,16979180,,749611904.0
2024-04-01,44.05,44.12,42.73,43.66,21563748,,935318144.0
2024-04-02,43.65,43.65,42.52,42.62,15767959,,675599936.0
2024-04-03,42.48,42.88,41.56,41.6,13387588,,563208448.0
2024-04-08,41.57,41.7,40.55,40.55,11475836,,471440896.0
2024-04-09,40.55,41.94,40.34,41.84,12293122,,507615456.0
2024-04-10,41.7,41.7,40.68,40.87,8267161,,339464960.0
2024-04-11,40.58,41.29,40.48,40.66,6711436,,274673504.0
2024-04-12,40.51,40.7,40.07,40.17,7871752,,317838752.0
2024-04-15,40.21,41.55,40.08,40.49,11225629,,458182976.0
2024-04-16,40.1,41.6,39.88,40.56,14353056,,584322880.0
2024-04-17,40.32,41.14,39.72,40.9,13205832,,536521312.0
2024-04-18,40.69,40.77,39.93,40.34,11068091,,447118784.0
2024-04-19,40.29,41.14,39.94,40.55,9834305,,397632192.0
2024-04-22,40.5,40.5,40.03,40.27,5690452,,229310704.0
2024-04-23,40.37,41.38,40.2,41.17,10294771,,420740864.0
2024-04-24,41.02,42.16,40.53,41.9,11691169,,483719392.0
2024-04-25,41.63,42.13,41.59,41.94,7446747,,312301792.0
2024-04-26,41.92,42.48,41.53,42.27,10384127,,437094816.0
2024-04-29,41.0,42.2,40.68,41.14,16534365,,684093312.0
2024-04-30,41.15,41.58,39.72,40.09,12216584,,496584832.0
2024-05-06,40.24,40.87,40.24,40.61,10033788,,407243136.0
2024-05-07,41.3,43.3,41.3,42.65,24527200,,1040815168.0
2024-05-08,44.52,46.92,43.8,46.92,41037740,,1872411008.0
2024-05-09,46.73,46.73,44.85,45.21,31023448,,1413619584.0
2024-05-10,45.39,46.48,44.89,44.94,20584750,,939202752.0
2024-05-13,45.25,46.2,43.53,43.79,20864056,,937229824.0
2024-05-14,43.6,44.29,42.96,43.01,15416507,,669064064.0
2024-05-15,43.1,43.19,42.5,42.54,8565191,,366229056.0
2024-05-16,42.75,43.68,42.38,43.11,13235751,,572538240.0
2024-05-17,43.1,43.1,42.29,42.75,8322888,,354028032.0
2024-05-20,42.5,42.98,42.14,42.8,7322850,,311984160.0
2024-05-21,42.8,42.9,42.23,42.4,5478962,,232477200.0
2024-05-22,42.5,42.7,41.95,42.14,5781256,,243872032.0
2024-05-23,42.04,42.06,41.0,41.05,7937042,,328358016.0
2024-05-24,40.8,41.26,40.8,40.85,4502959,,184778272.0
2024-05-27,41.03,41.31,40.65,41.27,4901000,,200844416.0
2024-05-28,41.16,41.27,40.67,40.7,4083250,,166733984.0
2024-05-29,40.7,40.95,40.59,40.88,3080611,,125702328.0
2024-05-30,40.8,41.1,40.61,41.1,4129205,,168843984.0
2024-05-31,41.0,41.98,40.93,41.9,7418127,,308533248.0
2024-06-03,42.52,42.67,41.43,41.67,6536107,,274525600.0
2024-06-04,41.24,41.86,41.05,41.71,5055882,,209615984.0
2024-06-05,41.55,43.48,41.47,43.01,14613026,,625012416.0
2024-06-06,42.8,42.97,42.16,42.25,8426255,,358190432.0
2024-06-07,42.4,42.58,41.41,41.7,5408658,,226541488.0
2024-06-11,41.67,42.07,40.72,41.96,6009731,,248954656.0
2024-06-12,41.84,42.7,41.6,42.35,5234436,,221166832.0
2024-06-13,42.42,42.44,41.25,41.55,5236350,,218471872.0
2024-06-14,41.35,41.54,40.86,40.86,6298451,,258303648.0
2024-06-17,40.78,41.12,40.3,40.84,4262950,,173857696.0
2024-06-18,40.76,41.08,40.73,41.05,3116900,,127618024.0
2024-06-19,41.04,41.21,40.78,40.83,3406168,,139413424.0
2024-06-20,40.81,41.03,40.28,40.31,4732842,,191743776.0
2024-06-21,40.26,41.1,40.1,40.73,3610300,,146986160.0
2024-06-24,40.64,40.64,39.75,39.75,4885152,,196014720.0
2024-06-25,40.05,40.05,39.05,39.1,4945084,,194737552.0
2024-06-26,39.5,40.59,39.04,40.46,5457801,,217868048.0
2024-06-27,40.3,41.58,40.16,40.47,5813861,,237739360.0
2024-06-28,40.45,41.1,40.41,40.54,3898135,,158799888.0
2024-07-01,40.51,40.92,40.23,40.59,2934928,,118962672.0
2024-07-02,40.52,40.74,40.21,40.26,2529235,,102140424.0
2024-07-03,40.23,40.49,39.88,40.05,2470600,,99228160.0
2024-07-04,40.08,40.22,39.39,39.46,3162842,,125415696.0
2024-07-05,39.45,40.18,39.14,40.17,3866042,,153867392.0
2024-07-08,39.84,40.11,39.2,39.22,3222226,,126975928.0
2024-07-09,39.25,39.74,38.74,39.54,3035040,,119401392.0
2024-07-10,39.35,39.69,39.25,39.25,2574000,,101652904.0
2024-07-11,39.97,40.17,39.41,40.02,3720862,,148427200.0
2024-07-12,40.0,40.36,39.91,39.96,2846800,,114114328.0
2024-07-15,39.92,40.13,39.63,39.87,2142150,,85328152.0
2024-07-16,39.79,39.97,39.56,39.6,1943668,,77278216.0
2024-07-17,39.63,39.76,39.2,39.69,2540050,,100416312.0
2024-07-18,39.68,40.7,39.45,40.58,6254598,,251246480.0
2024-07-19,40.38,40.38,39.94,40.06,3990908,,159966096.0
2024-07-22,40.06,40.06,39.65,39.86,2291133,,91347088.0
2024-07-23,39.88,39.98,38.68,38.71,4020608,,157620800.0
2024-07-24,38.71,38.84,37.95,38.33,3186257,,122209720.0
2024-07-25,38.01,38.68,37.81,38.25,2189874,,83787128.0
2024-07-26,38.4,39.17,38.29,38.89,2835435,,110057768.0
2024-07-29,38.93,38.93,38.4,38.4,1959495,,75653440.0
2024-07-30,38.31,38.79,38.12,38.58,2177601,,83874760.0
2024-07-31,38.57,39.95,38.49,39.9,4800949,,189752176.0
2024-08-01,39.95,40.17,39.26,39.27,3614450,,143438672.0
2024-08-02,39.57,40.49,39.27,39.7,5750335,,230243664.0
2024-08-05,39.72,40.67,39.15,39.51,5401849,,215826352.0
2024-08-06,39.68,39.88,39.43,39.75,3478342,,137842864.0
2024-08-07,39.8,39.85,39.38,39.61,1978822,,78295304.0
2024-08-08,39.76,41.9,39.54,41.17,11829218,,483020800.0
2024-08-09,40.85,41.47,40.26,40.29,4957226,,202171504.0
2024-08-12,40.99,42.98,40.61,42.6,18515004,,780867072.0
2024-08-13,41.83,41.87,41.19,41.59,10316570,,427767008.0
2024-08-14,41.51,41.51,40.2,40.29,6573927,,266473568.0
2024-08-15,40.35,41.06,40.15,40.48,4206202,,170651760.0
2024-08-16,40.31,41.6,40.17,41.16,5834883,,239301776.0
2024-08-19,41.36,41.84,40.97,41.66,4917527,,204132336.0
2024-08-20,41.5,41.8,41.2,41.27,3946253,,163466928.0
2024-08-21,41.5,42.85,41.5,42.04,7394048,,313017152.0
2024-08-22,41.78,42.16,41.31,41.88,3816690,,159506576.0
2024-08-23,41.71,41.95,41.44,41.53,2386813,,99334872.0
2024-08-26,41.54,43.24,41.0,42.7,9668549,,412309760.0
2024-08-27,42.58,42.86,42.15,42.29,3330686,,141189072.0
2024-08-28,42.15,42.75,42.08,42.58,2914011,,123766512.0
2024-08-29,42.41,42.85,41.84,42.39,4124462,,174679488.0
2024-08-30,43.0,43.76,42.17,42.17,9354637,,400114816.0
2024-09-02,42.15,42.56,40.92,40.96,5904546,,245323152.0
2024-09-03,40.95,41.79,40.79,41.22,3404350,,140718304.0
2024-09-04,41.11,42.68,40.92,42.19,6367214,,267946000.0
2024-09-05,42.19,43.66,42.11,43.13,6358250,,274709920.0
2024-09-06,43.15,43.27,42.51,42.62,3053825,,130950016.0
2024-09-09,42.54,43.0,41.87,42.1,3645600,,154587760.0
2024-09-10,42.17,42.45,41.81,42.04,3949450,,166390784.0
2024-09-11,41.91,42.36,41.72,41.92,3499050,,147075072.0
2024-09-12,42.1,42.58,41.06,41.1,4424450,,184586576.0
2024-09-13,41.24,41.35,40.0,40.33,3274600,,133408840.0
2024-09-18,40.34,40.44,39.52,40.01,2832213,,113172488.0
2024-09-19,40.22,40.6,39.28,40.14,4441965,,177378672.0
2024-09-20,40.2,40.25,39.44,39.76,2960304,,117403440.0
2024-09-23,39.87,40.2,39.52,39.95,3255099,,129817560.0
2024-09-24,40.07,41.36,40.02,41.14,5191860,,212005472.0
2024-09-25,41.48,42.97,41.36,42.16,7288342,,309707648.0
2024-09-26,42.28,42.63,41.91,42.4,7496812,,316465632.0
2024-09-27,42.71,44.3,42.7,43.48,14721973,,637980224.0
2024-09-30,44.7,47.3,44.35,47.13,19819064,,912277120.0
2024-10-08,51.79,51.84,46.12,47.63,25508790,,1241346304.0
2024-10-09,46.88,46.88,43.42,43.55,16814320,,755466304.0
2024-10-10,44.02,45.13,43.26,43.57,13507309,,594391744.0
2024-10-11,43.58,43.58,41.14,41.55,9303197,,391374944.0
2024-10-14,41.66,43.31,41.35,43.3,9786277,,414193856.0
2024-10-15,43.31,43.31,42.06,42.15,6731700,,287340448.0
2024-10-16,41.76,42.6,41.7,42.1,4979200,,209843472.0
2024-10-17,42.18,42.89,41.81,41.84,5427418,,229064288.0
2024-10-18,41.81,43.5,41.71,42.8,9371080,,399355232.0
2024-10-21,42.9,42.9,42.15,42.4,10127965,,429722688.0
2024-10-22,42.3,43.38,42.1,43.34,9302150,,397865664.0
2024-10-23,43.32,43.32,42.71,42.93,7390072,,317279040.0
2024-10-24,42.89,43.25,42.5,42.66,5591721,,239301888.0
2024-10-25,42.68,44.25,42.58,43.57,11064691,,480721888.0
2024-10-28,43.58,43.96,43.0,43.88,7427630,,323819296.0
2024-10-29,44.0,44.27,42.83,42.88,8417400,,364390432.0
2024-10-30,42.9,43.12,41.74,42.17,7894521,,333868160.0
2024-10-31,44.35,46.39,44.35,46.39,17344828,,796669056.0
2024-11-01,46.39,47.58,45.35,45.47,32314192,,1499952768.0
2024-11-04,45.3,46.3,45.07,45.69,13353131,,608709120.0
2024-11-05,45.69,46.77,45.24,46.49,15441154,,711185088.0
2024-11-06,46.5,46.82,45.66,46.04,12934300,,599206976.0
2024-11-07,45.54,46.24,45.15,46.15,11848256,,541826048.0
2024-11-08,46.58,47.97,46.35,46.62,14435194,,678506240.0
2024-11-11,46.61,47.47,46.35,47.3,13132066,,616774336.0
2024-11-12,47.29,49.1,47.16,47.65,19666556,,946441856.0
2024-11-13,47.66,47.98,45.94,46.48,11859550,,553963456.0
2024-11-14,46.08,46.37,44.88,45.0,9232532,,420771840.0
2024-11-15,44.89,45.5,44.46,44.49,7143900,,321470432.0
2024-11-18,45.15,45.72,44.03,44.29,8205478,,367555168.0
2024-11-19,44.53,45.1,44.27,44.96,6503825,,290576960.0
2024-11-20,44.9,46.34,44.9,45.63,7838044,,356510592.0
2024-11-21,45.5,45.91,45.18,45.59,5804200,,263920672.0
2024-11-22,45.38,45.75,44.02,44.03,7488398,,336237280.0
2024-11-25,44.03,44.62,43.18,43.59,6208800,,271561024.0
2024-11-26,43.57,43.75,42.82,43.01,6563021,,283046496.0
2024-11-27,42.88,43.36,42.12,43.36,6211079,,265336064.0
2024-11-28,43.43,43.45,42.88,42.9,4262497,,183634272.0
2024-11-29,42.91,43.5,42.68,43.26,5976778,,257872096.0
2024-12-02,43.28,43.67,43.15,43.6,5902398,,256781408.0
2024-12-03,43.7,43.72,42.66,42.74,10252300,,439704704.0
2024-12-04,42.76,42.77,42.11,42.29,5934100,,251874816.0
2024-12-05,42.3,42.57,42.22,42.4,4505630,,190976432.0
2024-12-06,42.33,42.91,42.12,42.78,6872075,,292726112.0
2024-12-09,42.82,43.06,42.5,42.53,6415983,,274343072.0
2024-12-10,43.21,43.5,42.68,42.71,8311855,,356680224.0
2024-12-11,42.52,42.92,42.5,42.85,5241900,,224385888.0
2024-12-12,42.97,43.11,42.66,43.11,7644070,,328282528.0
2024-12-13,43.0,43.3,42.55,43.0,9473974,,406236608.0
2024-12-16,43.11,43.76,42.98,43.3,10390768,,450749408.0
2024-12-17,43.2,43.26,42.12,42.28,9041370,,385471008.0
2024-12-18,42.43,42.69,42.16,42.35,4028569,,170937872.0
2024-12-19,42.01,42.29,41.63,42.19,5938287,,248993376.0
2024-12-20,42.16,42.68,42.1,42.57,4071315,,173032672.0
2024-12-23,42.57,42.69,41.84,41.85,5401979,,227649120.0
2024-12-24,42.0,42.3,41.8,42.28,3896357,,163911216.0
2024-12-25,42.48,42.59,41.8,41.95,4293573,,180798432.0
2024-12-26,41.83,42.03,41.74,41.96,4471606,,187269472.0
2024-12-27,41.8,42.35,41.78,42.1,4930584,,207703888.0
2024-12-30,41.99,42.13,41.75,41.81,4956488,,207574336.0
2024-12-31,41.88,41.92,40.72,40.78,8766500,,360829824.0
2025-01-02,40.88,41.85,40.38,40.86,6907714,,283031520.0
2025-01-03,40.59,41.21,40.33,40.52,5208301,,212548896.0
2025-01-06,40.61,41.78,40.61,41.32,7950945,,328359424.0
2025-01-07,41.08,41.2,40.2,40.58,5956368,,241659584.0
2025-01-08,40.61,40.68,39.55,39.95,7003056,,280278144.0
2025-01-09,39.79,40.13,39.41,39.84,4103572,,163619504.0
2025-01-10,39.82,39.93,39.34,39.36,3586899,,142021952.0
2025-01-13,39.2,39.47,39.02,39.15,3385019,,132765224.0
2025-01-14,39.33,39.98,39.15,39.97,6036171,,239080240.0
2025-01-15,39.77,40.1,39.56,39.66,4319539,,171648240.0
2025-01-16,39.85,40.1,39.53,39.7,3922930,,156110064.0
2025-01-17,39.65,39.93,39.4,39.81,3289700,,130726816.0
2025-01-20,39.85,40.26,39.85,39.98,4219225,,168989152.0
2025-01-21,40.12,40.16,39.62,39.96,3170300,,126307408.0
2025-01-22,39.8,40.15,39.37,40.09,4250063,,169051776.0
2025-01-23,40.23,40.44,39.82,39.82,4856808,,194966240.0
2025-01-24,39.81,40.05,39.73,39.94,4021700,,160522208.0
2025-01-27,40.01,40.28,39.6,39.66,4481700,,178892112.0
2025-02-05,39.89,40.04,39.16,39.47,5924651,,234414320.0
2025-02-06,39.49,39.99,39.25,39.96,6460311,,256775904.0
2025-02-07,39.93,42.7,39.82,41.99,17616396,,731600128.0
2025-02-10,42.27,43.38,42.25,43.24,16081938,,691560832.0
2025-02-11,43.36,44.24,42.48,43.51,15697324,,679269312.0
2025-02-12,43.2,43.32,42.74,42.98,8192503,,352008384.0
2025-02-13,43.5,43.69,42.55,42.57,7139683,,306044896.0
2025-02-14,42.49,44.4,42.41,43.65,13442965,,584630848.0
2025-02-17,44.3,44.52,43.71,43.98,13214547,,583047488.0
2025-02-18,43.6,43.99,42.84,42.98,7900182,,343020288.0
2025-02-19,42.9,44.58,42.5,44.1,13986721,,611005312.0
2025-02-20,44.69,47.65,44.61,45.67,21112596,,975611776.0
2025-02-21,45.35,45.8,44.2,44.4,14771651,,659746944.0
2025-02-24,44.75,44.77,43.21,43.28,9769682,,426762368.0
2025-02-25,42.79,43.07,42.41,42.55,6699642,,286730464.0
2025-02-26,42.71,42.83,42.43,42.6,6046030,,257620672.0
2025-02-27,42.8,42.86,41.88,42.29,8369339,,353625984.0
2025-02-28,42.19,42.4,41.34,41.47,7259533,,303251136.0
2025-03-03,41.77,42.48,41.54,41.79,6869228,,288583520.0
2025-03-04,41.58,42.1,41.39,41.89,4954124,,206879792.0
2025-03-05,41.79,41.88,41.25,41.57,4371547,,181450576.0
2025-03-06,41.9,43.88,41.7,43.12,12541945,,537530304.0
2025-03-07,43.0,43.0,41.97,42.15,8653685,,365860320.0
2025-03-10,42.95,43.34,41.91,42.28,8470666,,358789696.0
2025-03-11,41.8,41.98,41.66,41.93,5540480,,231538896.0
2025-03-12,41.95,42.07,41.71,41.76,4957197,,207183552.0
2025-03-13,41.8,41.84,41.41,41.57,4857784,,201727952.0
2025-03-14,41.5,42.5,41.45,42.43,7853291,,330286304.0
2025-03-17,42.43,42.53,42.0,42.09,5774954,,243596416.0
2025-03-18,42.25,42.3,42.0,42.15,4388101,,184836080.0
2025-03-19,42.01,42.36,41.97,42.08,4654614,,196288288.0
2025-03-20,42.08,42.4,41.86,41.87,4990721,,209911872.0
2025-03-21,41.85,42.09,41.31,41.44,4809680,,200278976.0
2025-03-24,41.41,41.81,41.06,41.32,4727000,,195785664.0
2025-03-25,41.28,41.64,41.11,41.56,3361751,,139387120.0
2025-03-26,41.48,41.61,41.31,41.4,3502601,,145146800.0
2025-03-27,42.09,42.97,42.02,42.66,10568387,,449415712.0
2025-03-28,42.6,42.7,41.84,41.91,6730873,,283742688.0
2025-03-31,41.88,42.4,41.62,42.04,6662513,,279483680.0
2025-04-01,42.12,43.5,42.12,42.67,13497390,,579532416.0
2025-04-02,42.33,42.57,42.01,42.28,6370200,,269182304.0
2025-04-03,42.0,42.51,41.43,41.51,7891724,,329851264.0
2025-04-07,38.29,39.2,37.36,37.36,11642916,,442234560.0
2025-04-08,37.85,37.98,36.51,36.75,10807398,,401396320.0
2025-04-09,36.1,36.14,34.11,35.95,16418722,,577719744.0
2025-04-10,36.81,37.25,36.48,36.61,10978401,,404128192.0
2025-04-11,36.36,36.59,35.91,36.21,8144600,,295378784.0
2025-04-14,36.71,36.87,36.5,36.77,6181600,,226987760.0
2025-04-15,36.69,37.14,36.33,36.91,5239734,,192575280.0
2025-04-16,36.73,37.23,36.54,37.1,5469414,,201881440.0
2025-04-17,36.9,37.17,36.8,36.82,3812568,,140915424.0
2025-04-18,36.69,37.16,36.65,36.9,2921459,,107737856.0
2025-04-21,36.87,37.19,36.72,37.11,3580000,,132738256.0
2025-04-22,37.13,37.56,36.93,37.55,5343942,,199495808.0
2025-04-23,37.73,38.36,37.4,38.19,5986047,,226875888.0
2025-04-24,38.01,38.56,37.83,38.38,5076644,,194373872.0
2025-04-25,38.42,39.22,38.4,39.14,6528392,,253340672.0
2025-04-28,39.15,39.27,38.27,38.51,4891140,,188520816.0
2025-04-29,38.17,38.25,37.26,37.95,7778417,,293348192.0
2025-04-30,37.92,38.12,37.73,37.8,6349427,,240930464.0
2025-05-06,37.81,38.07,37.62,37.9,6534199,,247309984.0
2025-05-07,38.25,38.31,37.79,37.86,6075898,,230734272.0
2025-05-08,37.8,37.94,37.67,37.79,4358988,,164845472.0
2025-05-09,37.79,37.85,37.38,37.58,4841063,,181855632.0
2025-05-12,37.7,38.72,37.55,38.6,9424578,,359216448.0
2025-05-13,38.86,38.89,38.21,38.5,6075911,,233808352.0
2025-05-14,38.4,38.87,38.27,38.78,4955762,,191365136.0
2025-05-15,38.76,38.76,38.36,38.38,3612908,,139080368.0
2025-05-16,38.56,40.11,38.35,39.7,11283407,,444272992.0
2025-05-19,39.27,39.32,38.52,39.19,8856467,,344223808.0
2025-05-20,39.02,39.33,38.73,39.11,5615741,,218851824.0
2025-05-21,39.15,39.47,38.99,39.09,4418401,,173313728.0
2025-05-22,39.0,39.01,38.63,38.64,3371300,,130878728.0
2025-05-23,38.63,38.98,38.39,38.41,3810047,,147497024.0
2025-05-26,38.41,38.55,38.11,38.19,2911227,,111489104.0
2025-05-27,38.24,38.33,37.97,38.11,2736904,,104312632.0
2025-05-28,38.12,38.19,37.23,37.64,4533500,,170838752.0
2025-05-29,37.6,38.22,37.51,38.13,3693301,,140370256.0
2025-05-30,38.03,38.28,37.75,37.77,3399651,,129029672.0
2025-06-03,37.65,37.86,37.39,37.68,3912598,,147153680.0
2025-06-04,37.69,37.97,37.63,37.89,3479550,,131547232.0
2025-06-05,37.91,37.95,37.56,37.65,4317741,,162672208.0
2025-06-06,37.65,37.75,37.54,37.65,2415013,,90867808.0
2025-06-09,37.65,38.09,37.61,37.88,4247405,,160900864.0
2025-06-10,37.98,38.03,37.44,37.64,4482027,,169214656.0
2025-06-11,37.5,37.78,37.33,37.55,3674826,,138258864.0
2025-06-12,37.56,37.56,37.07,37.17,6057001,,225356128.0
2025-06-13,37.1,37.11,36.06,36.17,10626560,,386663872.0
2025-06-16,35.88,36.18,35.86,36.06,5038242,,181406704.0
2025-06-17,36.1,36.66,36.1,36.2,4821001,,175114688.0
2025-06-18,36.15,36.18,35.92,36.01,2825844,,101817760.0
2025-06-19,36.08,36.12,35.72,35.79,3705410,,133106096.0
2025-06-20,35.79,36.03,35.7,35.72,2735600,,97973152.0
2025-06-23,35.6,35.82,35.47,35.72,2479700,,88387888.0
2025-06-24,35.82,36.1,35.75,36.07,4538400,,163232608.0
2025-06-25,36.16,36.33,35.98,36.28,4394318,,158819216.0
2025-06-26,36.27,36.29,35.89,35.97,5012000,,180976768.0
2025-06-27,36.02,36.22,35.98,36.0,4214441,,152023728.0
2025-06-30,36.01,36.55,35.91,36.43,6629250,,241325840.0
2025-07-01,36.49,36.69,36.37,36.62,4378203,,160167280.0
2025-07-02,36.6,36.61,36.32,36.45,3315729,,120793664.0
2025-07-03,36.46,36.63,36.42,36.6,3740287,,136734672.0
2025-07-04,36.63,36.79,36.51,36.52,4612536,,168888576.0
2025-07-07,36.6,36.67,36.33,36.34,3300400,,120224752.0
2025-07-08,36.34,36.58,36.28,36.5,4798571,,174756464.0
2025-07-09,36.5,36.72,36.42,36.48,4393117,,160617392.0
2025-07-10,36.48,36.64,36.4,36.57,4122391,,150601120.0
2025-07-11,36.61,36.86,36.52,36.64,6649100,,243852720.0
2025-07-14,36.85,37.58,36.8,36.99,7169513,,266543984.0
2025-07-15,38.77,39.85,38.57,39.25,26672784,,1043556736.0
2025-07-16,39.39,39.5,38.36,38.6,11782958,,455157120.0
2025-07-17,38.55,38.7,38.24,38.43,6913208,,265484480.0
2025-07-18,38.68,39.99,38.6,39.22,16728600,,656490624.0
2025-07-21,39.03,39.12,38.83,39.02,8536333,,332589440.0
2025-07-22,39.02,39.25,38.87,39.05,7486084,,292284832.0
2025-07-23,39.05,39.56,38.91,38.92,8424180,,330429120.0
2025-07-24,38.97,39.84,38.87,39.49,10565873,,415386560.0
2025-07-25,39.44,40.06,39.3,39.36,8972277,,355546304.0
2025-07-28,39.37,39.58,39.02,39.17,7059555,,276645600.0
2025-07-29,39.08,39.15,38.58,38.94,8023800,,311416576.0
2025-07-30,38.94,39.74,38.71,39.4,11048800,,434624032.0
2025-07-31,39.3,39.55,38.76,38.9,7860197,,307293376.0
2025-08-01,38.84,39.66,38.84,39.17,7758500,,304766976.0
2025-08-04,38.91,39.46,38.4,39.11,10265150,,397520256.0
2025-08-05,39.07,39.23,38.86,39.09,5063100,,197572592.0
2025-08-06,39.05,39.26,38.81,38.97,4968008,,193438304.0
2025-08-07,39.13,40.52,39.06,39.68,16840564,,670534080.0
2025-08-08,39.51,40.37,39.16,39.65,12860758,,511717984.0
2025-08-11,39.65,40.26,39.44,40.12,11489672,,457461792.0
2025-08-12,40.15,40.71,40.0,40.05,10485876,,422576672.0
2025-08-13,40.15,40.26,39.8,40.0,8992774,,359901152.0
2025-08-14,40.18,40.7,39.73,39.79,9422100,,378113344.0
2025-08-15,39.93,40.66,39.75,40.42,9877361,,397050624.0
2025-08-18,40.54,40.78,40.38,40.6,10322772,,419256896.0
2025-08-19,40.82,42.44,40.82,41.44,16371656,,683770304.0
2025-08-20,41.49,41.65,40.9,41.31,8583113,,353597696.0
2025-08-21,41.4,42.08,41.23,41.6,9704452,,403876064.0
2025-08-22,41.59,41.75,41.29,41.65,7590205,,314580544.0
2025-08-25,41.98,42.18,41.59,41.82,10341126,,432791808.0
2025-08-26,41.81,43.38,41.77,42.75,13033465,,553039360.0
2025-08-27,41.99,42.0,39.96,39.97,28367253,,1161016832.0
2025-08-28,39.85,40.09,38.7,39.59,15968819,,628610624.0
2025-08-29,39.58,39.88,39.3,39.51,8847303,,350703168.0
2025-09-01,39.5,39.84,39.36,39.64,7954581,,315260608.0
2025-09-02,39.8,39.8,38.77,39.1,8132516,,318459360.0
2025-09-03,39.1,39.25,38.41,38.45,6240640,,241893872.0
2025-09-04,38.57,38.76,37.92,38.24,6568988,,252195552.0
2025-09-05,38.29,38.65,38.18,38.63,5698245,,219197712.0
2025-09-08,39.13,39.55,38.93,39.46,9317642,,366028032.0
2025-09-09,39.45,40.92,39.24,39.9,14408496,,579701952.0
2025-09-10,39.75,39.9,39.27,39.37,6529764,,257625872.0
2025-09-11,39.19,39.59,38.8,39.54,6898906,,270323488.0
2025-09-12,39.5,39.64,39.18,39.23,5473201,,215294112.0
2025-09-15,39.21,39.36,38.91,38.98,4867803,,190016288.0
2025-09-16,39.06,39.27,38.88,39.0,4441972,,173359120.0
2025-09-17,39.07,39.35,39.05,39.33,5476531,,214951408.0
2025-09-18,39.33,39.39,38.48,38.74,7518214,,293313600.0
2025-09-19,38.75,38.91,38.51,38.62,4039750,,156234848.0
2025-09-22,38.69,38.82,38.4,38.66,3359381,,129653296.0
2025-09-23,38.65,38.65,37.69,38.06,6724803,,255661328.0
2025-09-24,37.9,39.37,37.85,38.85,6842158,,265502480.0
2025-09-25,38.85,38.94,38.5,38.84,4732823,,183306192.0
2025-09-26,38.61,38.85,38.43,38.54,3980600,,153776448.0
2025-09-29,38.54,38.62,38.15,38.45,4658632,,178792640.0
2025-09-30,38.72,39.06,38.58,38.79,5422296,,210404560.0
2025-10-09,38.98,39.36,38.8,39.3,7297587,,285691296.0
2025-10-10,39.14,39.44,39.06,39.25,5160841,,202394672.0
2025-10-13,37.73,38.39,37.71,38.19,7175682,,273243968.0
2025-10-14,39.49,40.45,39.12,39.74,18318584,,729965120.0
2025-10-15,39.74,40.26,39.61,40.25,10616090,,424480992.0
2025-10-16,40.3,41.25,40.06,40.77,13159091,,537328256.0
2025-10-17,40.7,40.8,40.08,40.12,9133404,,368609344.0
2025-10-20,40.56,40.66,40.05,40.2,6062377,,244150336.0
2025-10-21,40.32,40.39,39.92,40.28,6973428,,279908224.0
2025-10-22,40.25,40.25,39.98,40.09,3885299,,155794656.0
2025-10-23,40.06,40.56,39.83,40.39,6386747,,257029040.0
2025-10-24,40.49,40.79,40.17,40.31,5624746,,226925040.0
2025-10-27,40.03,40.29,39.77,40.09,6816844,,272970208.0
2025-10-28,40.15,40.22,39.78,40.05,5738251,,229583696.0
2025-10-29,39.8,40.17,39.76,40.04,7100584,,283977696.0
2025-10-30,40.04,40.13,39.62,39.77,5626764,,224353280.0
2025-10-31,39.95,40.71,39.66,40.5,8426485,,340098688.0
2025-11-03,40.52,40.58,39.75,40.1,7368064,,294841824.0
2025-11-04,40.1,40.11,39.54,39.78,4876415,,194317280.0
2025-11-05,39.6,40.05,39.41,39.88,4702092,,187148720.0
2025-11-06,39.83,40.4,39.71,39.91,5278307,,211204768.0
2025-11-07,39.93,40.45,39.85,40.18,5984199,,240420800.0
2025-11-10,41.17,44.2,40.9,44.2,41147100,,1773460736.0
2025-11-11,43.5,43.64,42.5,42.97,34456648,,1483433600.0
2025-11-12,43.21,43.4,42.66,43.1,17525168,,753873216.0
2025-11-13,42.77,43.29,42.55,42.89,13082094,,560556160.0
2025-11-14,43.0,45.0,42.9,43.62,30713612,,1351852800.0
2025-11-17,43.3,43.94,42.2,43.89,18420928,,788982720.0
2025-11-18,43.8,44.1,43.1,43.27,12582761,,548321984.0
2025-11-19,43.0,43.55,42.47,42.61,9831617,,420930272.0
2025-11-20,42.68,42.88,41.5,41.63,11053189,,464056896.0
2025-11-21,41.1,42.31,40.52,41.2,14303856,,591138048.0
2025-11-24,41.9,41.9,41.01,41.48,7331914,,303701728.0
2025-11-25,41.51,42.45,41.44,41.81,8833446,,370514720.0
2025-11-26,41.99,42.31,41.33,41.4,8268053,,345577088.0
2025-11-27,41.61,41.87,41.3,41.38,5812089,,241927024.0
2025-11-28,41.48,41.68,41.2,41.42,5128836,,212327232.0
2025-12-01,41.43,41.55,41.35,41.49,4848318,,200967552.0
2025-12-02,41.49,41.49,40.74,40.8,6388039,,261814288.0
2025-12-03,40.8,41.03,40.55,40.93,4827115,,197016448.0
2025-12-04,40.98,41.28,40.4,40.69,5554413,,226323232.0
2025-12-05,40.69,40.91,40.25,40.84,4814872,,195506704.0
2025-12-08,40.93,41.08,40.63,40.65,5328643,,217431840.0
2025-12-09,40.69,40.78,40.02,40.05,5848467,,235703104.0
2025-12-10,40.04,40.26,39.83,40.17,4090626,,164002176.0
2025-12-11,40.2,40.66,40.04,40.28,5751200,,232080288.0
2025-12-12,40.25,40.37,39.96,40.31,5433943,,218002608.0
2025-12-15,41.47,42.55,41.36,41.39,16368756,,687358464.0
2025-12-16,41.85,42.54,41.41,41.7,14257884,,597944448.0
2025-12-17,41.4,41.58,40.65,41.18,10341810,,424396640.0
2025-12-18,41.28,42.53,41.18,42.0,12282741,,514851584.0
2025-12-19,41.58,41.78,41.22,41.68,8442290,,350340832.0
2025-12-22,41.5,41.6,41.13,41.14,7350384,,303296032.0
2025-12-23,41.05,41.07,40.68,40.69,5996023,,244900720.0
2025-12-24,40.7,40.89,40.51,40.77,4751637,,193312800.0
2025-12-25,40.76,40.86,40.52,40.78,4884188,,198578944.0
2025-12-26,40.53,40.97,40.5,40.75,4996685,,203698288.0
2025-12-29,40.73,40.73,40.3,40.3,6448080,,260315840.0
2025-12-30,40.31,40.38,40.07,40.08,4034500,,162057248.0
2025-12-31,40.18,40.28,39.97,40.04,3888376,,155820080.0
2026-01-05,40.12,40.93,40.12,40.92,7758403,,315224352.0
2026-01-06,40.9,40.98,40.67,40.93,7197228,,293957216.0
2026-01-07,40.97,41.44,40.82,40.88,7278258,,298939584.0
2026-01-08,40.88,41.29,40.67,41.03,6772088,,277841696.0
2026-01-09,41.07,41.8,41.01,41.75,10455396,,433215328.0
2026-01-12,41.8,42.5,41.75,42.31,12396990,,523482368.0
2026-01-13,42.52,43.81,42.52,42.6,19784676,,853029056.0
2026-01-14,42.85,43.49,42.1,42.7,16806276,,721921856.0
2026-01-15,42.68,43.12,42.07,42.15,9195315,,390788416.0
2026-01-16,42.18,42.35,41.34,41.63,9718855,,405070592.0
2026-01-19,41.58,41.6,41.2,41.42,6777461,,280524704.0
2026-01-20,41.43,41.5,40.82,40.97,7552842,,310045344.0
2026-01-21,40.93,41.32,40.72,41.04,6314226,,259131840.0
2026-01-22,41.08,41.26,41.04,41.15,5007506,,205980752.0
2026-01-23,41.23,42.83,41.23,42.38,12412241,,
