日期,开盘,收盘,最高,最低,成交量,成交额
2019-12-03,938.05,985.98,991.26,933.23,2719217,2919326208.0
2019-12-04,980.38,979.9,1004.1,970.23,2326769,2640019712.0
2019-12-05,991.35,1000.24,1021.28,984.25,3197359,3299220736.0
2019-12-06,998.65,1006.0,1025.61,986.48,3428690,3880060672.0
2019-12-09,1003.89,998.69,1009.82,994.78,3005321,3511244288.0
2019-12-10,992.57,1052.41,1053.04,989.21,4273716,5067848192.0
2019-12-11,1053.97,1053.87,1083.63,1037.04,5931165,6397694976.0
2019-12-12,1040.36,1039.08,1066.1,1035.75,4844707,5222161408.0
2019-12-13,1048.31,1049.39,1055.64,1035.39,4417440,4934465536.0
2019-12-16,1052.95,1114.18,1116.21,1052.95,5433510,6453029888.0
2019-12-17,1120.26,1113.15,1120.28,1099.21,5557404,7176547328.0
2019-12-18,1109.61,1118.65,1134.23,1106.53,5068297,7082987008.0
2019-12-19,1110.52,1111.37,1119.8,1097.77,3749618,5418513920.0
2019-12-20,1108.48,1103.16,1124.49,1092.37,4848713,6477603328.0
2019-12-23,1098.27,1051.02,1098.27,1045.71,4635305,6659647488.0
2019-12-24,1042.67,1054.85,1056.16,1030.16,3232731,4289691392.0
2019-12-25,1049.7,1079.89,1080.2,1042.57,3544071,4820490752.0
2019-12-26,1078.18,1074.0,1085.93,1070.92,3628962,5076584960.0
2019-12-27,1073.36,1064.82,1082.04,1059.36,3504214,4840909312.0
2019-12-30,1047.31,1039.35,1051.89,1015.87,2974334,3820628224.0
2019-12-31,1038.96,1045.58,1057.52,1038.84,2138264,2769145600.0
2020-01-02,1055.2,1079.29,1083.11,1046.43,3204017,4266608128.0
2020-01-03,1076.63,1087.75,1099.04,1076.23,3129520,4223350016.0
2020-01-06,1089.67,1110.43,1120.72,1080.09,4142208,5917193728.0
2020-01-07,1112.34,1128.89,1129.59,1109.04,4033726,5115426304.0
2020-01-08,1114.98,1119.85,1153.07,1112.36,4670320,6202970624.0
2020-01-09,1141.24,1131.81,1146.4,1118.65,2895813,3999791872.0
2020-01-10,1134.05,1112.53,1136.71,1106.68,3080074,3925504512.0
2020-01-13,1106.67,1136.58,1136.65,1104.48,3154863,4265616128.0
2020-01-14,1141.85,1116.5,1141.85,1114.73,3282171,4220471296.0
2020-01-15,1114.39,1115.06,1119.95,1103.87,2857148,3835034112.0
2020-01-16,1132.23,1143.44,1147.74,1128.67,3668897,5299630592.0
2020-01-17,1148.69,1132.51,1153.52,1126.67,3299981,4891871232.0
2020-01-20,1100.06,1120.49,1122.11,1096.12,3063390,4444990464.0
2020-01-21,1116.92,1089.04,1116.92,1088.3,2819403,3937975552.0
2020-01-22,1079.1,1112.71,1118.32,1068.21,2812575,3754610176.0
2020-01-23,1087.75,1061.41,1108.09,1034.67,3070431,4221388800.0
2020-02-03,954.11,952.83,956.02,952.83,327737,583683456.0
2020-02-04,867.18,927.09,942.77,867.18,3199674,3758901248.0
2020-02-05,937.25,970.49,985.01,936.82,3213912,4061874944.0
2020-02-06,964.91,991.37,996.49,957.15,3125020,3727972096.0
2020-02-07,986.32,1007.63,1010.12,980.48,3093764,3850526208.0
2020-02-10,1004.0,1020.26,1020.85,999.7,2587503,3472948736.0
2020-02-11,1022.89,1005.96,1022.89,998.75,2492526,3187830784.0
2020-02-12,999.93,1030.5,1033.62,998.87,2594420,3407968000.0
2020-02-13,1026.22,1037.77,1052.15,1016.56,3002297,4056198656.0
2020-02-14,1036.99,1037.58,1061.15,1024.35,3575667,6038040064.0
2020-02-17,1039.26,1074.71,1074.71,1039.26,3529060,5560184320.0
2020-02-18,1073.45,1103.64,1107.97,1070.84,3742800,5757541376.0
2020-02-19,1090.05,1068.27,1096.65,1067.76,3678375,5472452608.0
2020-02-20,1075.64,1100.46,1102.26,1060.26,3339912,5030811136.0
2020-02-21,1123.82,1163.2,1169.39,1123.59,4383729,7056086528.0
2020-02-24,1187.24,1209.41,1227.14,1173.67,5488379,9412055040.0
2020-02-25,1186.76,1270.43,1274.92,1186.76,6375739,10663422976.0
2020-02-26,1258.67,1246.03,1271.39,1233.99,7993797,11409929216.0
2020-02-27,1251.5,1194.79,1259.21,1192.4,5880670,8189723648.0
2020-02-28,1124.04,1088.1,1141.89,1087.52,5017790,6713174528.0
2020-03-02,1101.16,1129.43,1140.45,1091.3,3943187,5285897216.0
2020-03-03,1151.46,1151.17,1189.75,1138.0,4749980,6475699712.0
2020-03-04,1141.0,1150.75,1166.43,1124.49,3593706,4857525760.0
2020-03-05,1169.32,1154.86,1175.03,1138.58,3840948,5019748864.0
2020-03-06,1139.91,1166.26,1177.24,1137.36,3810549,5649477120.0
2020-03-09,1137.79,1095.67,1141.47,1095.67,3823441,5120259584.0
2020-03-10,1078.02,1146.15,1146.25,1071.67,3740100,5031843328.0
2020-03-11,1155.88,1134.14,1169.31,1131.98,3337691,4730108416.0
2020-03-12,1110.09,1121.56,1127.77,1101.54,3181340,3749235200.0
2020-03-13,1062.4,1116.85,1126.18,1062.39,4307576,5265995264.0
2020-03-16,1124.16,1049.07,1127.66,1043.76,3386712,4297620992.0
2020-03-17,1060.84,1052.26,1070.61,1013.56,2764164,3309216256.0
2020-03-18,1068.42,1038.9,1089.9,1036.9,3173588,4332215296.0
2020-03-19,1031.54,1062.43,1065.46,1024.36,2890521,3944536576.0
2020-03-20,1070.36,1046.32,1071.08,1029.9,3139413,4516316160.0
2020-03-23,1007.97,974.42,1016.64,971.27,3023026,3538220288.0
2020-03-24,987.86,988.8,993.68,947.22,2742086,3145956608.0
2020-03-25,1012.59,1016.18,1022.15,1003.39,2738682,3155648512.0
2020-03-26,1011.38,993.7,1019.04,992.56,2404105,2461538048.0
2020-03-27,1006.85,975.83,1008.6,975.83,1920932,2126950656.0
2020-03-30,958.86,936.04,958.86,923.45,2091409,2293726464.0
2020-03-31,948.21,930.01,951.82,928.61,1488947,1592568448.0
2020-04-01,931.75,938.92,958.06,931.75,1970288,2073027456.0
2020-04-02,935.5,969.77,969.77,934.81,2153535,2236964864.0
2020-04-03,966.61,951.48,968.05,947.09,1619954,1725885568.0
2020-04-07,971.47,983.21,983.35,967.6,2078709,2311263488.0
2020-04-08,978.47,987.18,991.61,974.87,1716624,1950572416.0
2020-04-09,996.05,1001.38,1002.52,990.39,2012824,2276464640.0
2020-04-10,1002.79,971.99,1002.79,966.39,1671452,1991375744.0
2020-04-13,962.98,957.47,964.64,952.0,970787,1111153152.0
2020-04-14,964.96,980.87,980.87,964.34,1145472,1291621760.0
2020-04-15,981.07,971.42,986.8,970.76,1337629,1521997824.0
2020-04-16,964.33,972.83,974.98,959.04,1041439,1206890624.0
2020-04-17,980.45,978.87,991.85,976.39,1533205,1850131072.0
2020-04-20,979.67,992.6,992.78,975.51,1294923,1607262080.0
2020-04-21,999.57,989.24,999.87,975.39,1555569,1911176576.0
2020-04-22,979.43,991.89,992.2,977.59,1314044,1500324352.0
2020-04-23,995.56,982.51,996.9,981.61,1486681,1705505024.0
2020-04-24,984.74,969.14,995.55,965.52,2123588,2277822720.0
2020-04-27,964.67,959.48,969.11,955.31,1769804,1884162304.0
2020-04-28,951.28,935.59,954.56,904.24,2117625,2255387392.0
2020-04-29,932.49,929.17,944.48,928.41,1593027,1557223168.0
2020-04-30,937.39,967.08,972.01,937.39,2074879,2355083264.0
2020-05-06,958.1,992.35,992.35,957.29,2183159,2641097984.0
2020-05-07,996.05,985.71,997.61,984.4,1747475,2131274496.0
2020-05-08,991.44,997.13,1003.17,991.44,1745688,2215950336.0
2020-05-11,1011.88,1019.24,1032.34,1011.88,2872378,3547578368.0
2020-05-12,1011.41,1011.44,1016.22,994.69,2728475,3176098560.0
2020-05-13,1003.23,1006.46,1008.92,999.74,1941056,2204340736.0
2020-05-14,1001.18,998.51,1010.97,998.16,1963130,2383370240.0
2020-05-15,1002.1,1003.39,1011.32,994.29,1999939,2409548544.0
2020-05-18,1005.16,983.73,1006.34,979.41,2071600,2514388992.0
2020-05-19,993.46,1006.35,1006.35,990.33,2011450,2555131904.0
2020-05-20,1001.21,1008.1,1020.32,1000.82,2563102,3276696064.0
2020-05-21,1011.28,988.95,1013.02,985.74,2049040,2693207040.0
2020-05-22,988.12,980.9,996.08,972.05,1845128,2405481728.0
2020-05-25,975.48,963.1,975.48,958.94,1298522,1774843520.0
2020-05-26,966.31,992.2,992.33,966.31,1332243,1856083840.0
2020-05-27,994.14,995.62,1003.45,985.69,1881277,2721525760.0
2020-05-28,994.24,988.88,996.63,971.02,1592623,2127758592.0
2020-05-29,983.59,985.85,993.16,979.75,1265683,1810191872.0
2020-06-01,992.43,1021.29,1021.29,991.77,2265521,2991339008.0
2020-06-02,1022.07,1030.08,1034.71,1020.79,2258653,2897164800.0
2020-06-03,1034.14,1029.12,1038.76,1023.8,2649864,3075984640.0
2020-06-04,1031.23,1047.84,1047.84,1029.1,2696490,3517414912.0
2020-06-05,1047.3,1048.24,1052.51,1035.7,2400808,3414909696.0
2020-06-08,1054.33,1037.91,1056.92,1037.52,2143370,2910275072.0
2020-06-09,1040.52,1035.82,1045.32,1033.08,1722684,2325996800.0
2020-06-10,1031.91,1021.53,1031.91,1018.02,1444601,1847998464.0
2020-06-11,1026.78,1040.22,1057.02,1026.0,2880079,3651122944.0
2020-06-12,1015.91,1042.3,1047.05,1013.66,3052327,3542979840.0
2020-06-15,1040.53,1037.44,1053.88,1035.84,2944241,3670875904.0
2020-06-16,1044.53,1057.12,1057.12,1043.19,2701636,3597151744.0
2020-06-17,1059.55,1057.05,1062.16,1047.74,2510214,3032237568.0
2020-06-18,1056.7,1056.8,1058.37,1049.34,2277683,2649084416.0
2020-06-19,1059.37,1063.81,1067.71,1053.9,2528149,2966705664.0
2020-06-22,1069.54,1074.01,1079.67,1068.91,3223879,3923054592.0
2020-06-23,1077.99,1061.23,1079.69,1060.42,2758837,3443258624.0
2020-06-24,1060.88,1061.08,1067.65,1055.67,3138505,3872417024.0
2020-06-29,1066.56,1074.81,1093.53,1066.56,3498150,4729052672.0
2020-06-30,1084.55,1081.82,1089.79,1077.54,2825534,3873876224.0
2020-07-01,1087.54,1090.47,1100.13,1075.42,3166377,4198694656.0
2020-07-02,1091.8,1101.15,1101.36,1085.9,3024425,4048976384.0
2020-07-03,1108.6,1121.63,1123.31,1097.5,3643117,4829995520.0
2020-07-06,1137.81,1169.48,1176.15,1132.14,4683069,6287361024.0
2020-07-07,1181.16,1200.66,1226.44,1170.51,5845249,8588790784.0
2020-07-08,1198.36,1224.72,1224.8,1183.28,4598868,6633677824.0
2020-07-09,1225.09,1252.42,1257.32,1215.08,5190045,7786275840.0
2020-07-10,1246.89,1259.58,1297.52,1243.26,5104451,8022548480.0
2020-07-13,1279.64,1304.61,1305.17,1267.46,5470654,8407008256.0
2020-07-14,1301.85,1273.76,1305.02,1243.76,5622304,8469687808.0
2020-07-15,1273.98,1232.57,1282.18,1230.97,4615580,6395055616.0
2020-07-16,1231.5,1166.81,1242.01,1164.9,3936831,5548862464.0
2020-07-17,1174.71,1166.65,1188.03,1154.21,2692400,3629856768.0
2020-07-20,1181.01,1211.87,1211.87,1173.83,2957825,4067651584.0
2020-07-21,1211.41,1232.82,1232.93,1210.07,3012657,4813686272.0
2020-07-22,1223.44,1232.18,1240.94,1219.1,2966736,4367082496.0
2020-07-23,1217.7,1206.93,1221.71,1172.05,3547751,4843235328.0
2020-07-24,1199.49,1149.62,1220.99,1149.62,3582781,5111919104.0
2020-07-27,1149.88,1139.36,1159.15,1126.76,2371020,3205833984.0
2020-07-28,1149.76,1147.66,1154.68,1134.03,1763907,2297513216.0
2020-07-29,1148.35,1185.6,1185.91,1141.13,2438353,3320645888.0
2020-07-30,1194.44,1170.55,1198.88,1167.74,2311022,3273367296.0
2020-07-31,1172.34,1185.88,1190.72,1164.01,2821317,3626348800.0
2020-08-03,1196.8,1237.24,1237.24,1196.45,3571272,4819713024.0
2020-08-04,1246.86,1216.37,1247.89,1211.17,3217100,4182221056.0
2020-08-05,1230.61,1222.04,1230.76,1213.24,2663077,3556293632.0
2020-08-06,1222.34,1219.99,1223.12,1194.72,3274496,4191303424.0
2020-08-07,1218.94,1215.7,1232.76,1196.71,3476655,5179456000.0
2020-08-10,1207.36,1219.46,1226.8,1203.53,3022372,4190486016.0
2020-08-11,1213.01,1183.71,1217.97,1180.15,3271535,5410819584.0
2020-08-12,1178.34,1182.28,1182.73,1146.4,3074789,4638056448.0
2020-08-13,1187.63,1185.6,1201.06,1181.76,2616844,3831165184.0
2020-08-14,1179.72,1188.5,1190.62,1169.99,2102500,2913112064.0
2020-08-17,1195.65,1204.77,1206.82,1184.9,2258859,3214643968.0
2020-08-18,1209.03,1211.46,1215.68,1204.9,2148681,3406994176.0
2020-08-19,1212.32,1183.25,1212.76,1179.29,2342314,3829471488.0
2020-08-20,1176.87,1171.57,1187.33,1167.79,1483623,2320822784.0
2020-08-21,1182.14,1177.95,1190.95,1169.04,1447025,2124534272.0
2020-08-24,1180.44,1181.55,1186.41,1158.66,1939912,2848181248.0
2020-08-25,1186.14,1182.71,1192.16,1178.23,2474092,3288666880.0
2020-08-26,1180.11,1144.95,1183.01,1140.14,2213748,2948295680.0
2020-08-27,1144.39,1168.39,1171.63,1137.36,2698730,3305678336.0
2020-08-28,1155.11,1153.83,1161.54,1139.14,3965353,4530009088.0
2020-08-31,1152.99,1162.37,1175.34,1152.99,2743277,3396506624.0
2020-09-01,1163.17,1171.74,1173.14,1153.61,2701111,3135314176.0
2020-09-02,1172.29,1169.3,1180.18,1159.0,3400965,3884848640.0
2020-09-03,1167.75,1151.11,1168.05,1148.94,2413939,2953137152.0
2020-09-04,1127.76,1162.27,1164.54,1125.86,2440615,2854080768.0
2020-09-07,1160.92,1136.52,1168.51,1129.67,3626796,5337204736.0
2020-09-08,1131.33,1128.89,1138.6,1108.79,3534676,4773809152.0
2020-09-09,1110.26,1095.98,1113.93,1082.33,3752385,5188787200.0
2020-09-10,1106.71,1062.32,1118.96,1057.34,3404243,4549101568.0
2020-09-11,1060.39,1094.84,1097.65,1059.8,2501855,3646206976.0
2020-09-14,1102.7,1121.04,1130.43,1097.05,2725746,4323486720.0
2020-09-15,1127.19,1129.04,1137.02,1119.06,2428267,3847585280.0
2020-09-16,1132.72,1124.07,1132.86,1116.45,2358858,3106105856.0
2020-09-17,1121.63,1138.96,1149.38,1112.86,2480737,3992962816.0
2020-09-18,1131.83,1142.21,1145.08,1126.68,2069600,3198037760.0
2020-09-21,1146.47,1137.12,1158.93,1136.73,1963097,2965867776.0
2020-09-22,1129.79,1112.58,1130.8,1109.26,1686553,2458005248.0
2020-09-23,1114.49,1123.61,1126.68,1105.34,1651990,2692360448.0
2020-09-24,1118.46,1083.53,1118.46,1083.21,1709236,2533794304.0
2020-09-25,1098.89,1107.74,1114.06,1092.91,1520932,3044761856.0
2020-09-28,1110.28,1096.19,1112.18,1093.86,1322487,2002353024.0
2020-09-29,1101.03,1107.34,1114.15,1091.17,1370211,2230255872.0
2020-09-30,1111.77,1096.58,1116.7,1092.24,1267432,2150304512.0
2020-10-09,1117.22,1133.73,1143.5,1117.22,1941952,3544803584.0
2020-10-12,1145.11,1193.73,1195.21,1145.11,3035758,5408538112.0
2020-10-13,1185.72,1200.85,1206.25,1179.1,3033475,4217890048.0
2020-10-14,1201.69,1191.65,1212.81,1189.53,2913029,4011981312.0
2020-10-15,1207.08,1193.47,1211.37,1190.13,4002189,4754262016.0
2020-10-16,1204.45,1196.13,1217.13,1182.91,3553119,5363299840.0
2020-10-19,1189.81,1173.84,1200.7,1170.1,3367000,4424197120.0
2020-10-20,1177.02,1212.31,1212.31,1166.36,3084035,4986197504.0
2020-10-21,1207.09,1189.27,1212.03,1179.94,2620477,3911058432.0
2020-10-22,1179.42,1191.93,1196.56,1171.26,2420237,3235321088.0
2020-10-23,1192.52,1167.69,1202.1,1163.7,2422856,3600043264.0
2020-10-26,1155.5,1181.24,1192.44,1145.5,2187770,3429451008.0
2020-10-27,1191.65,1195.81,1206.43,1186.24,2089012,3620612096.0
2020-10-28,1198.67,1217.53,1224.05,1191.34,2880800,4953468928.0
2020-10-29,1186.74,1188.15,1197.94,1160.11,4486973,7692557312.0
2020-10-30,1183.87,1168.55,1185.29,1163.25,3910851,5628721664.0
2020-11-02,1163.3,1179.53,1183.46,1152.13,3288339,4966772736.0
2020-11-03,1188.67,1188.93,1207.75,1179.05,3191342,4808067072.0
2020-11-04,1201.48,1233.11,1243.69,1193.88,3431919,7043056640.0
2020-11-05,1247.39,1298.67,1308.27,1247.24,5107482,9512464384.0
2020-11-06,1315.19,1293.78,1318.56,1278.66,4145789,7593292800.0
2020-11-09,1297.32,1309.76,1323.18,1285.75,3970719,7768662016.0
2020-11-10,1305.61,1298.1,1325.02,1281.57,3224932,6383832576.0
2020-11-11,1296.84,1292.17,1325.43,1285.02,2525092,5721335296.0
2020-11-12,1284.51,1294.25,1318.47,1284.31,2029078,4074571776.0
2020-11-13,1308.04,1335.32,1337.18,1302.27,2510268,5634094080.0
2020-11-16,1327.29,1344.37,1349.26,1299.9,3016842,5943110656.0
2020-11-17,1352.19,1314.92,1362.4,1300.41,4023797,6612037632.0
2020-11-18,1315.98,1299.76,1320.43,1281.93,3739421,6787846656.0
2020-11-19,1300.2,1309.54,1311.1,1283.34,2952391,4821371904.0
2020-11-20,1311.41,1347.83,1352.82,1310.33,3838517,6215766528.0
2020-11-23,1365.63,1376.08,1390.04,1351.47,3346493,5812729856.0
2020-11-24,1396.22,1377.0,1414.3,1373.6,3344783,5707897344.0
2020-11-25,1381.71,1368.41,1393.01,1364.54,3984096,5994515456.0
2020-11-26,1362.65,1338.68,1366.04,1318.91,3146727,5271917568.0
2020-11-27,1339.45,1336.49,1350.72,1316.97,2794972,4302948352.0
2020-11-30,1334.58,1315.62,1336.07,1308.69,2639314,4536192512.0
2020-12-01,1315.46,1347.65,1347.65,1313.73,2449678,4141549056.0
2020-12-02,1346.15,1305.82,1346.18,1297.25,2776956,6039331840.0
2020-12-03,1300.1,1302.06,1312.37,1289.54,2400131,4200341760.0
2020-12-04,1298.93,1305.02,1310.7,1291.6,2431398,4735513088.0
2020-12-07,1311.98,1292.88,1325.44,1291.92,2897096,5858554368.0
2020-12-08,1297.17,1333.71,1336.27,1296.98,3661841,6940452864.0
2020-12-09,1346.11,1333.29,1362.98,1325.25,3538871,7122255872.0
2020-12-10,1335.98,1317.8,1336.26,1307.1,2338883,4757915648.0
2020-12-11,1319.53,1275.02,1325.69,1265.51,2931685,5271033344.0
2020-12-14,1280.05,1318.31,1318.35,1266.97,2164382,4399029760.0
2020-12-15,1320.39,1341.14,1342.07,1311.18,2103181,4802229248.0
2020-12-16,1331.37,1322.47,1336.01,1315.49,1853283,3602867712.0
2020-12-17,1316.46,1326.75,1330.67,1288.85,2176355,3809385728.0
2020-12-18,1329.58,1346.08,1356.47,1322.85,2218295,4504102400.0
2020-12-21,1351.68,1396.7,1397.33,1339.36,2594725,5582718976.0
2020-12-22,1379.76,1353.61,1411.8,1345.89,2545526,5449583616.0
2020-12-23,1357.11,1367.78,1393.37,1357.11,2423394,4889717760.0
2020-12-24,1372.36,1340.6,1372.59,1334.89,2523242,4381414912.0
2020-12-25,1341.23,1394.41,1397.76,1337.61,2454842,4461365248.0
2020-12-28,1394.76,1390.01,1401.43,1364.52,2775057,4912957440.0
2020-12-29,1392.75,1353.44,1398.05,1346.06,2463724,4530864640.0
2020-12-30,1361.91,1392.63,1415.17,1361.87,2205401,4515742720.0
2020-12-31,1399.8,1426.71,1443.73,1398.99,2941604,4772228096.0
2021-01-04,1438.4,1553.22,1579.08,1438.4,3358899,7247428096.0
2021-01-05,1550.48,1559.9,1563.2,1528.88,3438651,7497306112.0
2021-01-06,1595.49,1534.13,1596.71,1516.22,2786297,5830750720.0
2021-01-07,1531.69,1545.56,1565.99,1502.86,2927771,6284657664.0
2021-01-08,1568.03,1532.78,1568.03,1489.21,2383217,5675191296.0
2021-01-11,1535.54,1485.52,1536.22,1460.63,3754336,8416485376.0
2021-01-12,1479.37,1513.84,1525.73,1478.27,3095970,6058953216.0
2021-01-13,1521.3,1488.1,1547.63,1464.64,3690211,7304078336.0
2021-01-14,1475.2,1490.85,1504.01,1435.03,3265096,6872629760.0
2021-01-15,1471.74,1525.35,1544.72,1469.16,3300310,6324193792.0
2021-01-18,1518.07,1561.5,1567.39,1489.83,3822504,7443012608.0
2021-01-19,1572.55,1543.51,1591.78,1531.71,3063920,5986804736.0
2021-01-20,1577.49,1683.0,1685.36,1577.49,3967955,9196552192.0
2021-01-21,1688.38,1699.55,1711.19,1652.83,3684818,7973029888.0
2021-01-22,1718.05,1733.18,1758.12,1693.6,4172819,8864436224.0
2021-01-25,1781.17,1677.75,1807.55,1667.15,3992591,10738102272.0
2021-01-26,1677.69,1682.17,1741.05,1676.86,3000067,7564831744.0
2021-01-27,1687.59,1743.54,1752.58,1650.87,2735427,7030563840.0
2021-01-28,1704.45,1681.07,1721.11,1663.06,2539486,6487452672.0
2021-01-29,1696.18,1653.22,1716.89,1626.16,2689124,6357507584.0
2021-02-01,1646.1,1628.47,1658.94,1592.95,2464011,6104462336.0
2021-02-02,1641.09,1723.98,1729.53,1628.31,3017540,7299730944.0
2021-02-03,1734.47,1711.65,1745.04,1699.32,3622247,7899580928.0
2021-02-04,1695.12,1665.76,1716.06,1632.0,3119821,6371569664.0
2021-02-05,1674.25,1606.28,1703.68,1598.93,2632882,6227817472.0
2021-02-08,1608.27,1600.56,1612.11,1490.51,2681043,7662516224.0
2021-02-09,1599.42,1651.24,1665.34,1598.56,2767117,6512781824.0
2021-02-10,1670.07,1702.1,1710.66,1644.15,2605838,5965147136.0
2021-02-18,1728.71,1652.94,1740.91,1613.03,3024176,8950227968.0
2021-02-19,1623.41,1615.55,1639.61,1572.39,3217871,8011319808.0
2021-02-22,1628.65,1578.6,1648.04,1578.6,3874878,8462491136.0
2021-02-23,1560.8,1586.38,1609.08,1554.48,3349362,6451490304.0
2021-02-24,1575.98,1539.98,1593.69,1523.47,3346446,7691722752.0
2021-02-25,1568.55,1526.7,1570.73,1516.99,2713103,5664473088.0
2021-02-26,1481.38,1483.27,1516.75,1471.01,2405764,5249470976.0
2021-03-01,1515.05,1541.65,1541.73,1504.53,2442645,5593454592.0
2021-03-02,1550.48,1535.02,1553.05,1514.8,2139569,5116711936.0
2021-03-03,1518.49,1541.7,1543.2,1501.04,2162077,4434409472.0
2021-03-04,1514.36,1436.04,1514.36,1423.07,2803954,7133294080.0
2021-03-05,1416.05,1456.81,1470.31,1409.88,2293752,5368634368.0
2021-03-08,1470.59,1367.76,1472.54,1367.76,2376873,5887165952.0
2021-03-09,1366.45,1353.14,1394.86,1309.04,2529200,5344191488.0
2021-03-10,1393.18,1382.18,1419.86,1375.97,1777931,4728387072.0
2021-03-11,1383.97,1408.58,1408.58,1372.4,1505839,1861176704.0
2021-03-12,1405.07,1399.56,1407.33,1387.21,1494522,1822971776.0
2021-03-15,1398.32,1384.69,1401.82,1373.89,1567177,1988439168.0
2021-03-16,1382.96,1390.79,1392.6,1371.48,1334750,1614314624.0
2021-03-17,1393.84,1393.09,1397.86,1382.59,1410079,1691620608.0
2021-03-18,1400.59,1392.55,1401.72,1389.1,2110339,2530929920.0
2021-03-19,1381.34,1378.15,1386.87,1368.27,1754337,2187813888.0
2021-03-22,1376.18,1392.22,1394.13,1375.86,1612996,1964292352.0
2021-03-23,1391.32,1384.09,1400.03,1381.89,1952055,2329283072.0
2021-03-24,1374.05,1367.86,1382.91,1359.91,1770543,2115588352.0
2021-03-25,1362.25,1359.15,1374.66,1357.83,1411533,1781590272.0
2021-03-26,1363.38,1384.27,1386.81,1363.38,1583779,1974403456.0
2021-03-29,1392.19,1386.3,1398.48,1382.97,1349653,1752664320.0
2021-03-30,1381.89,1383.72,1391.41,1373.97,1222481,1563847552.0
2021-03-31,1386.62,1396.26,1396.26,1381.71,1149417,1541623808.0
2021-04-01,1397.68,1398.88,1401.85,1386.52,1277457,1731418624.0
2021-04-02,1403.99,1426.08,1428.3,1401.28,1703118,2202044160.0
2021-04-06,1428.95,1446.06,1447.21,1422.62,1762956,2111018624.0
2021-04-07,1441.07,1436.92,1444.75,1425.34,1480817,1802262656.0
2021-04-08,1433.37,1438.84,1445.75,1427.3,1535391,2060291456.0
2021-04-09,1439.18,1439.12,1440.32,1429.18,1376513,1835454592.0
2021-04-12,1441.75,1398.92,1441.75,1397.61,1369954,1889669376.0
2021-04-13,1402.38,1398.35,1405.24,1390.1,1281346,1460625792.0
2021-04-14,1400.47,1417.77,1420.49,1396.96,1602200,1881147520.0
2021-04-15,1414.82,1425.21,1426.18,1406.63,1863072,2084137472.0
2021-04-16,1437.78,1474.84,1479.5,1437.64,3190843,3807363584.0
2021-04-19,1509.89,1542.35,1548.86,1500.87,3922601,5178432512.0
2021-04-20,1552.61,1516.66,1556.68,1513.3,3316806,4999341568.0
2021-04-21,1508.96,1494.91,1508.96,1489.53,2505412,3601032192.0
2021-04-22,1493.45,1493.63,1507.65,1491.91,3772562,4493913600.0
2021-04-23,1484.33,1467.97,1485.82,1462.12,3035220,3475425024.0
2021-04-26,1468.76,1445.42,1472.42,1443.23,2865044,3496134656.0
2021-04-27,1442.09,1437.97,1443.49,1425.22,2594861,2957581312.0
2021-04-28,1436.52,1449.37,1449.71,1427.21,2237970,2639451648.0
2021-04-29,1444.94,1443.5,1454.51,1441.82,2279624,2538618624.0
2021-04-30,1443.76,1427.73,1444.72,1422.63,2259236,2470777856.0
2021-05-06,1424.52,1432.46,1435.5,1418.5,1731100,1966751104.0
2021-05-07,1434.14,1408.96,1434.36,1404.67,1932998,2169314304.0
2021-05-10,1405.57,1380.15,1405.57,1372.33,2434723,2841129216.0
2021-05-11,1365.18,1382.81,1383.83,1346.01,2006129,2205775360.0
2021-05-12,1379.38,1431.91,1433.34,1374.05,2272774,2765907712.0
2021-05-13,1424.41,1403.53,1428.77,1403.14,2785980,2998637056.0
2021-05-14,1404.04,1416.92,1419.76,1395.58,2307670,2423621376.0
2021-05-17,1420.51,1422.15,1432.39,1412.7,2368311,2733797120.0
2021-05-18,1421.19,1409.24,1421.66,1401.86,1881838,2001394560.0
2021-05-19,1404.52,1412.32,1418.33,1394.2,1901275,2135055744.0
2021-05-20,1412.16,1412.52,1422.43,1409.8,1836313,2047466496.0
2021-05-21,1410.1,1403.26,1416.27,1398.86,1678464,1809489408.0
2021-05-24,1406.89,1418.29,1423.42,1397.65,1809948,2308564224.0
2021-05-25,1415.43,1429.41,1433.23,1412.14,2099257,2614610432.0
2021-05-26,1429.56,1423.71,1441.22,1421.5,2307397,2662782720.0
2021-05-27,1422.26,1425.6,1430.29,1415.97,2102400,2551684352.0
2021-05-28,1426.33,1434.69,1441.82,1424.97,2611036,2860924928.0
2021-05-31,1437.0,1474.05,1474.11,1436.43,3071295,3691238144.0
2021-06-01,1474.53,1487.7,1487.7,1466.25,2666643,3050053120.0
2021-06-02,1491.35,1479.31,1495.95,1478.77,2493077,2783245312.0
2021-06-03,1485.28,1489.11,1507.71,1480.14,2280647,2744076800.0
2021-06-04,1483.03,1497.6,1503.8,1480.87,1867891,2208307456.0
2021-06-07,1509.44,1520.03,1520.17,1498.2,2403002,2860578304.0
2021-06-08,1520.63,1527.59,1540.89,1514.05,2583720,3339955200.0
2021-06-09,1524.4,1528.81,1531.39,1517.49,2274362,2632414464.0
2021-06-10,1529.0,1553.67,1557.21,1524.6,2994599,3761715200.0
2021-06-11,1556.22,1523.36,1561.17,1523.36,3154944,3974747136.0
2021-06-15,1523.63,1528.67,1535.14,1512.78,3191203,3931192320.0
2021-06-16,1528.05,1495.78,1529.26,1490.0,3213580,3665092864.0
2021-06-17,1494.49,1522.71,1526.32,1492.58,3180543,3724118528.0
2021-06-18,1523.05,1534.27,1537.77,1517.02,4129019,4287773184.0
2021-06-21,1531.19,1568.35,1569.36,1520.81,3743850,4273562624.0
2021-06-22,1576.86,1586.13,1599.14,1563.56,4160379,4827570688.0
2021-06-23,1585.21,1580.85,1593.64,1565.0,3922494,4896399360.0
2021-06-24,1582.63,1559.43,1583.25,1557.16,3043326,3726778880.0
2021-06-25,1561.54,1553.24,1569.25,1539.56,3121388,4042871296.0
2021-06-28,1563.25,1594.35,1598.58,1560.13,3648312,5054575104.0
2021-06-29,1593.38,1550.72,1593.38,1549.32,3390801,4727782400.0
2021-06-30,1551.67,1565.93,1579.21,1550.27,2802178,3948405760.0
2021-07-01,1564.51,1530.55,1566.44,1530.55,3105965,3868412672.0
2021-07-02,1527.22,1520.7,1539.57,1514.27,3147814,3525788928.0
2021-07-05,1527.48,1559.6,1560.01,1523.0,2693061,3437918464.0
2021-07-06,1564.4,1551.43,1574.92,1534.39,2810708,3700836864.0
2021-07-07,1541.23,1565.05,1566.77,1532.42,2594277,3225749248.0
2021-07-08,1560.95,1559.05,1572.34,1556.63,2833129,3727177984.0
2021-07-09,1549.65,1577.5,1581.32,1535.06,2764941,3896113408.0
2021-07-12,1578.92,1600.32,1600.95,1573.07,2996556,4347919360.0
2021-07-13,1597.8,1591.19,1598.54,1578.22,3267289,4646237696.0
2021-07-14,1583.1,1561.27,1583.41,1557.07,2672969,3655544832.0
2021-07-15,1562.42,1570.7,1574.38,1535.85,2609015,3637776896.0
2021-07-16,1567.12,1576.3,1587.93,1564.11,2623703,3758576640.0
2021-07-19,1576.74,1579.28,1583.9,1558.72,2392787,3165102336.0
2021-07-20,1568.5,1589.48,1589.48,1563.22,2285632,3099697920.0
2021-07-21,1591.38,1611.84,1618.51,1587.9,2820515,3957471232.0
2021-07-22,1614.56,1606.6,1614.56,1590.56,3029195,3763984640.0
2021-07-23,1606.09,1601.32,1622.07,1595.44,3183562,4068460288.0
2021-07-26,1593.5,1563.3,1601.31,1534.72,2997715,3955687168.0
2021-07-27,1570.59,1535.94,1585.89,1534.78,3100540,4296794112.0
2021-07-28,1526.57,1494.09,1537.52,1470.09,3727362,4786836992.0
2021-07-29,1505.24,1528.42,1536.59,1505.03,3036902,3921271552.0
2021-07-30,1529.74,1568.97,1573.35,1525.29,3730185,5154043904.0
2021-08-02,1566.83,1594.02,1597.08,1563.5,3652187,5001251328.0
2021-08-03,1598.87,1602.07,1629.07,1593.0,5390952,6412651520.0
2021-08-04,1591.39,1622.88,1622.88,1586.82,4291449,5126937600.0
2021-08-05,1616.59,1627.85,1632.11,1595.05,3713951,4455824896.0
2021-08-06,1625.19,1603.34,1634.78,1591.99,3009244,3559244544.0
2021-08-09,1598.38,1608.66,1613.28,1574.24,2552391,3086786048.0
2021-08-10,1611.56,1636.43,1637.82,1608.24,2828307,3870423296.0
2021-08-11,1630.07,1623.37,1630.07,1613.21,2656906,3161303808.0
2021-08-12,1615.56,1653.34,1662.33,1612.06,3174986,3909946112.0
2021-08-13,1654.34,1658.23,1668.44,1647.27,2909018,3791639808.0
2021-08-16,1653.04,1648.14,1661.39,1634.69,2694801,3604477696.0
2021-08-17,1639.16,1587.18,1640.31,1582.97,2751220,3462105088.0
2021-08-18,1585.13,1584.99,1598.81,1574.26,2013972,2594777856.0
2021-08-19,1587.36,1591.48,1603.33,1577.26,1846618,2428995328.0
2021-08-20,1584.73,1584.73,1593.38,1556.38,1964034,2414811392.0
2021-08-23,1587.84,1628.61,1629.87,1585.96,2741343,3360395008.0
2021-08-24,1631.9,1645.86,1647.48,1621.76,4076255,5356089856.0
2021-08-25,1644.21,1650.01,1652.7,1625.17,3411000,4662474240.0
2021-08-26,1643.13,1610.58,1647.42,1607.15,3778983,5026999296.0
2021-08-27,1604.73,1594.76,1607.35,1581.88,3193165,4177237504.0
2021-08-30,1595.65,1602.81,1613.97,1582.9,4209569,5299250688.0
2021-08-31,1602.4,1576.97,1602.98,1563.39,3570971,4629299200.0
2021-09-01,1579.56,1543.08,1582.9,1534.44,3485815,4447606784.0
2021-09-02,1539.46,1547.89,1556.76,1532.84,2872772,3888981504.0
2021-09-03,1548.96,1571.07,1586.74,1546.77,3629318,4825243648.0
2021-09-06,1576.53,1587.23,1588.15,1558.89,3189958,4047698944.0
2021-09-07,1582.37,1598.56,1600.34,1579.58,3257865,4388782592.0
2021-09-08,1596.6,1585.53,1599.64,1572.78,3022325,4130798080.0
2021-09-09,1581.11,1570.38,1581.83,1559.16,3019561,4103340800.0
2021-09-10,1567.6,1554.93,1569.54,1546.27,3018501,3720936960.0
2021-09-13,1554.1,1541.35,1554.1,1532.89,2470393,3243518208.0
2021-09-14,1543.65,1542.63,1560.0,1534.96,3152819,3818210304.0
2021-09-15,1536.31,1542.87,1545.21,1523.26,2672487,3114395392.0
2021-09-16,1541.24,1515.9,1554.87,1510.32,2676420,3355288576.0
2021-09-17,1515.31,1502.33,1516.65,1477.99,2441550,2874789888.0
2021-09-22,1490.83,1496.01,1503.8,1484.4,1872078,2182313216.0
2021-09-23,1500.23,1525.03,1528.34,1499.3,2486090,2838241280.0
2021-09-24,1525.55,1507.54,1527.45,1506.82,2269958,2724618496.0
2021-09-27,1521.82,1455.52,1527.78,1447.54,2585503,3083299584.0
2021-09-28,1455.11,1449.03,1455.74,1439.21,1525799,1952089984.0
2021-09-29,1439.8,1421.29,1442.41,1418.95,1656477,1894971008.0
2021-09-30,1422.34,1434.1,1437.38,1422.34,1109993,1339322112.0
2021-10-08,1447.01,1451.39,1459.83,1444.23,1492054,1712728832.0
2021-10-11,1456.75,1472.74,1479.17,1450.09,1398793,1686659328.0
2021-10-12,1475.5,1449.34,1478.26,1439.44,1771536,1934593024.0
2021-10-13,1447.91,1474.58,1475.22,1445.12,1295891,1665105280.0
2021-10-14,1489.79,1484.77,1509.92,1470.05,1724886,4725148160.0
2021-10-15,1488.59,1484.73,1491.18,1480.78,2172071,5788766208.0
2021-10-18,1483.45,1495.24,1495.24,1482.0,1914478,5146141696.0
2021-10-19,1498.77,1500.52,1505.02,1492.65,2283418,5604994560.0
2021-10-20,1501.98,1504.73,1504.77,1491.15,2810583,5781522432.0
2021-10-21,1503.58,1492.09,1506.18,1486.11,2404210,5276064256.0
2021-10-22,1494.78,1478.61,1498.55,1476.77,3417471,5795616256.0
2021-10-25,1474.54,1483.31,1483.43,1463.72,2886688,6293598208.0
2021-10-26,1489.18,1482.74,1504.82,1478.69,3405476,6567991808.0
2021-10-27,1478.71,1449.5,1478.71,1444.94,2426346,4732260864.0
2021-10-28,1443.8,1423.59,1443.99,1420.52,2509920,6868950016.0
2021-10-29,1421.93,1454.4,1455.29,1420.5,2714017,6516363776.0
2021-11-01,1452.0,1475.36,1482.55,1448.35,2946473,6648698880.0
2021-11-02,1477.58,1465.85,1493.88,1456.48,3326848,7445819392.0
2021-11-03,1467.96,1467.61,1472.54,1455.93,2707260,5902672896.0
2021-11-04,1468.0,1500.05,1501.32,1467.21,3221823,6753570816.0
2021-11-05,1501.42,1513.46,1521.94,1499.17,3506844,6740339712.0
2021-11-08,1515.88,1535.02,1535.28,1511.64,3414703,12184168448.0
2021-11-09,1538.11,1573.65,1573.65,1538.11,3325711,8656195584.0
2021-11-10,1576.38,1586.39,1586.47,1566.91,4443307,9715788800.0
2021-11-11,1587.34,1591.06,1599.46,1579.37,3621183,7734491136.0
2021-11-12,1596.71,1647.58,1648.48,1596.71,6515486,12340513792.0
2021-11-15,1666.62,1671.93,1685.64,1666.62,7897675,13927991296.0
2021-11-16,1669.4,1678.49,1688.97,1658.56,7829762,12616330240.0
2021-11-17,1676.97,1719.62,1719.62,1675.9,6850938,11995475968.0
2021-11-18,1716.03,1696.32,1720.02,1694.92,6783217,12381165568.0
2021-11-19,1694.24,1732.02,1735.52,1694.24,5643747,10128232448.0
2021-11-22,1738.2,1778.7,1781.38,1737.68,6606892,16205478912.0
2021-11-23,1774.44,1798.5,1803.51,1773.49,6027105,14003509248.0
2021-11-24,1799.72,1799.94,1809.1,1796.81,6379413,15109725184.0
2021-11-25,1805.11,1818.02,1826.94,1797.78,5728067,11617132544.0
2021-11-26,1812.83,1814.69,1819.86,1800.12,4925454,10609751040.0
2021-11-29,1791.28,1842.34,1847.75,1787.82,5398185,11817667584.0
2021-11-30,1859.84,1873.46,1886.2,1857.45,5166268,11417379840.0
2021-12-01,1874.09,1875.68,1880.99,1865.99,6098941,11182535680.0
2021-12-02,1876.31,1871.27,1908.88,1867.31,6247491,12709597184.0
2021-12-03,1876.5,1914.17,1922.72,1875.09,5440023,10447959040.0
2021-12-06,1920.24,1871.63,1920.24,1869.67,5960911,12566898688.0
2021-12-07,1878.23,1822.5,1881.9,1808.73,5258828,12413060096.0
2021-12-08,1813.89,1858.93,1861.09,1805.96,4524130,9147365376.0
2021-12-09,1857.35,1869.35,1872.9,1849.63,4323456,9207119872.0
2021-12-10,1872.6,1899.82,1902.3,1864.75,4170091,9125813248.0
2021-12-13,1907.91,1898.22,1913.58,1884.0,4344745,10010488832.0
2021-12-14,1895.06,1937.03,1940.36,1889.39,4821777,10623265792.0
2021-12-15,1927.77,1917.61,1936.33,1912.74,4575322,9541726208.0
2021-12-16,1912.48,1930.26,1931.17,1910.62,4558638,9483838464.0
2021-12-17,1936.24,1900.38,1938.01,1897.31,4704939,11095269376.0
2021-12-20,1899.51,1869.16,1908.37,1868.24,4087231,10552136704.0
2021-12-21,1874.29,1912.92,1914.36,1873.19,4026966,8919002112.0
2021-12-22,1925.36,1928.02,1936.49,1919.85,3636133,8546406912.0
2021-12-23,1934.14,1924.04,1943.66,1917.33,4947673,9408226304.0
2021-12-24,1927.1,1858.18,1935.8,1855.99,5172666,11080927232.0
2021-12-27,1855.38,1865.96,1877.47,1840.38,3944622,8822389760.0
2021-12-28,1866.81,1883.6,1883.6,1863.84,3414036,7073797120.0
2021-12-29,1883.4,1883.71,1888.57,1859.81,4525352,8138845184.0
2021-12-30,1879.84,1880.57,1894.22,1874.16,4475376,8872865792.0
2021-12-31,1879.88,1876.41,1881.22,1866.42,3819371,8150697984.0
2022-01-04,1884.33,1868.96,1886.05,1863.45,4115296,9925214208.0
2022-01-05,1862.3,1824.62,1864.52,1800.63,4120508,9462040576.0
2022-01-06,1813.12,1838.23,1848.95,1812.68,3015788,6888530432.0
2022-01-07,1838.36,1794.66,1852.36,1793.98,3252512,7287430144.0
2022-01-10,1785.71,1812.92,1819.82,1769.59,3505273,7875889664.0
2022-01-11,1817.35,1794.43,1829.83,1789.42,2916477,7482460672.0
2022-01-12,1799.28,1834.05,1834.12,1799.28,3692774,9420098560.0
2022-01-13,1838.8,1827.33,1851.59,1816.92,3919664,8574051328.0
2022-01-14,1823.94,1840.35,1852.89,1809.7,3613811,8655989760.0
2022-01-17,1854.66,1890.19,1899.53,1852.73,4491187,10552837120.0
2022-01-18,1886.65,1862.42,1894.81,1855.78,4976882,10867705856.0
2022-01-19,1859.3,1850.8,1868.42,1836.33,4084241,11542100992.0
2022-01-20,1846.57,1771.41,1846.57,1769.78,3465242,8374512640.0
2022-01-21,1770.4,1749.3,1777.92,1747.59,2688547,6128091648.0
2022-01-24,1743.38,1756.88,1766.54,1738.18,2673830,6167162368.0
2022-01-25,1744.2,1669.5,1748.92,1669.36,3261082,6099521024.0
2022-01-26,1669.09,1680.69,1688.89,1663.55,2452086,5499497984.0
2022-01-27,1681.64,1632.26,1684.55,1631.2,2527337,5343206400.0
2022-01-28,1641.1,1644.3,1657.52,1607.66,2328117,5097061888.0
2022-02-07,1670.26,1644.73,1673.99,1640.2,2381929,5038991360.0
2022-02-08,1645.24,1652.39,1655.33,1620.84,3157103,7144162816.0
2022-02-09,1659.53,1675.8,1677.31,1647.11,2701667,6233531392.0
2022-02-10,1675.22,1651.39,1675.22,1640.01,2503745,6463539200.0
2022-02-11,1646.69,1617.6,1646.73,1612.95,2822506,6458169344.0
2022-02-14,1609.74,1626.08,1642.38,1598.66,3332705,7129904640.0
2022-02-15,1627.57,1632.47,1641.68,1615.03,3095352,7223357952.0
2022-02-16,1640.61,1645.22,1652.87,1638.44,2603969,5532911104.0
2022-02-17,1642.41,1640.46,1657.53,1630.7,2804867,8211737088.0
2022-02-18,1632.12,1641.28,1642.64,1622.7,2247748,5793220096.0
2022-02-21,1642.87,1656.12,1656.37,1638.48,2714419,5749086208.0
2022-02-22,1647.02,1630.86,1647.02,1613.76,2442595,6024253440.0
2022-02-23,1634.92,1683.22,1687.2,1634.92,3599855,8910514176.0
2022-02-24,1683.72,1644.41,1696.91,1619.46,4278762,9089432576.0
2022-02-25,1657.12,1663.94,1677.53,1654.84,3401058,8780657664.0
2022-02-28,1665.75,1659.57,1667.68,1636.82,2739148,7295158784.0
2022-03-01,1667.94,1666.41,1676.12,1651.59,2579058,7120267264.0
2022-03-02,1657.59,1660.6,1660.75,1648.41,2455722,6394607616.0
2022-03-03,1665.03,1632.63,1665.39,1628.53,2796196,8499445248.0
2022-03-04,1622.61,1603.85,1629.77,1600.6,2349315,6052364800.0
2022-03-07,1599.16,1570.05,1599.16,1562.57,2530417,5924020224.0
2022-03-08,1573.2,1521.36,1578.01,1515.46,2867284,6742638080.0
2022-03-09,1526.51,1500.87,1534.24,1441.96,3837157,7137055744.0
2022-03-10,1529.83,1522.19,1537.27,1520.51,3042392,8317780992.0
2022-03-11,1509.42,1533.4,1534.21,1487.01,2810257,7324295168.0
2022-03-14,1523.9,1490.53,1523.9,1490.25,2580714,5895015936.0
2022-03-15,1485.47,1419.18,1492.01,1418.6,2945181,6286800896.0
2022-03-16,1439.15,1478.46,1480.4,1403.55,3841383,9838498816.0
2022-03-17,1493.02,1516.37,1535.63,1492.73,3978039,11432739840.0
2022-03-18,1513.03,1519.34,1521.71,1503.83,2346540,6668426752.0
2022-03-21,1527.13,1541.12,1546.61,1523.14,2454277,6930309120.0
2022-03-22,1540.54,1542.01,1548.97,1528.01,2167414,5107761664.0
2022-03-23,1546.62,1547.94,1556.09,1536.87,2053341,4665528832.0
2022-03-24,1541.97,1520.31,1541.97,1517.12,2023524,5279156224.0
2022-03-25,1524.81,1514.05,1539.72,1513.07,2282712,4928766464.0
2022-03-28,1503.96,1494.31,1508.63,1478.51,1983893,4446813696.0
2022-03-29,1499.08,1471.9,1500.25,1466.66,1775341,3642210816.0
2022-03-30,1482.02,1506.32,1506.46,1475.94,2127545,6263948288.0
2022-03-31,1504.05,1490.69,1504.79,1487.29,2143306,5253562880.0
2022-04-01,1484.31,1482.58,1489.33,1477.23,1925799,4408782848.0
2022-04-06,1482.28,1492.93,1495.46,1477.93,2760203,5369469952.0
2022-04-07,1504.07,1475.3,1512.29,1475.3,3466072,6219257344.0
2022-04-08,1468.41,1452.53,1472.5,1435.96,3223768,5403363840.0
2022-04-11,1442.83,1388.43,1443.23,1381.41,2902909,5077134336.0
2022-04-12,1392.09,1416.01,1416.01,1376.4,2507647,4162389248.0
2022-04-13,1410.57,1378.18,1410.89,1378.07,2281764,4113820928.0
2022-04-14,1392.66,1396.7,1407.09,1386.13,2437121,4563060224.0
2022-04-15,1385.59,1380.68,1393.43,1346.86,2858925,4971794432.0
2022-04-18,1382.17,1422.98,1423.2,1368.85,2968069,4951711232.0
2022-04-19,1430.11,1428.17,1447.2,1418.98,3125197,5283523584.0
2022-04-20,1429.18,1423.86,1452.88,1417.6,3263817,6007471104.0
2022-04-21,1418.12,1370.73,1422.28,1365.86,2980671,5053143552.0
2022-04-22,1354.9,1348.4,1364.03,1342.72,2801372,4125396736.0
2022-04-25,1322.39,1239.2,1322.39,1239.2,3425407,4983404032.0
2022-04-26,1236.83,1179.21,1240.32,1174.94,3855499,5329915392.0
2022-04-27,1156.17,1215.78,1216.51,1138.28,4211420,6677273088.0
2022-04-28,1186.54,1189.77,1212.39,1174.67,3193625,6808251904.0
2022-04-29,1196.91,1251.41,1257.18,1196.91,3260127,5557724672.0
2022-05-05,1255.89,1273.83,1284.25,1244.57,2710752,4759884800.0
2022-05-06,1251.64,1261.91,1274.15,1244.06,2153603,3239093248.0
2022-05-09,1263.57,1273.38,1282.39,1260.6,2059309,2884464128.0
2022-05-10,1255.22,1298.34,1298.38,1247.22,2676921,5374005760.0
2022-05-11,1301.87,1328.07,1360.97,1301.87,3618072,7176358400.0
2022-05-12,1330.34,1361.72,1366.12,1326.51,2890062,4659249152.0
2022-05-13,1375.51,1395.88,1396.2,1367.2,3008142,4390725120.0
2022-05-16,1410.01,1398.9,1413.2,1387.6,3643435,5203706368.0
2022-05-17,1401.53,1426.25,1429.24,1391.33,4318701,5992763904.0
2022-05-18,1423.9,1442.64,1458.84,1418.41,5687667,6522363904.0
2022-05-19,1420.34,1455.94,1455.94,1417.73,4365751,5478468096.0
2022-05-20,1460.82,1464.46,1472.82,1447.63,4266849,6100190208.0
2022-05-23,1467.43,1489.97,1492.38,1454.05,4450819,5978334720.0
2022-05-24,1495.62,1415.76,1509.64,1415.76,5633770,8280662528.0
2022-05-25,1408.35,1431.81,1437.51,1405.27,4683080,5965694464.0
2022-05-26,1426.77,1416.81,1428.75,1385.37,3236411,4519406080.0
2022-05-27,1418.0,1404.52,1436.32,1391.36,3644199,4700305408.0
2022-05-30,1411.07,1429.77,1434.85,1399.67,3759094,6039024128.0
2022-05-31,1429.0,1434.33,1437.04,1403.45,3662276,5890589696.0
2022-06-01,1440.13,1480.94,1492.05,1437.38,4274101,7878871040.0
2022-06-02,1480.1,1537.55,1537.55,1469.08,5498903,8474168320.0
2022-06-06,1548.93,1563.22,1574.54,1542.86,5892087,10158368768.0
2022-06-07,1560.72,1542.67,1563.52,1516.72,4447806,6798823424.0
2022-06-08,1544.09,1546.51,1556.43,1500.14,4900207,11131565056.0
2022-06-09,1542.53,1490.41,1542.53,1482.34,3999681,6735974912.0
2022-06-10,1484.24,1541.54,1545.16,1480.78,4589917,8201922048.0
2022-06-13,1535.33,1573.68,1577.57,1529.0,4709998,8703831040.0
2022-06-14,1554.65,1584.7,1586.05,1524.72,4490296,7555117568.0
2022-06-15,1591.34,1565.12,1604.78,1565.12,4503530,7965987328.0
2022-06-16,1563.05,1568.05,1586.2,1558.03,4059536,6627570176.0
2022-06-17,1556.13,1590.98,1594.26,1555.39,4030042,7376389632.0
2022-06-20,1594.59,1607.43,1620.58,1594.59,5741361,7977622528.0
2022-06-21,1606.79,1591.36,1610.8,1572.84,4962985,6623691264.0
2022-06-22,1600.01,1598.58,1627.53,1598.19,6548043,9032322048.0
2022-06-23,1603.41,1691.72,1691.74,1602.38,9407688,13557762048.0
2022-06-24,1692.82,1694.45,1705.1,1681.32,8609267,12079442944.0
2022-06-27,1703.35,1710.23,1719.37,1681.89,7368775,10198048768.0
2022-06-28,1710.69,1732.14,1736.18,1684.33,8048623,12747345920.0
2022-06-29,1726.91,1663.69,1742.03,1662.41,9574293,15667486720.0
2022-06-30,1656.91,1645.49,1674.66,1637.34,6994044,11660048384.0
2022-07-01,1646.8,1626.45,1648.02,1617.41,5631534,9119766528.0
2022-07-04,1622.72,1622.02,1624.63,1602.06,4515249,8341526528.0
2022-07-05,1623.94,1583.34,1631.61,1564.12,5009609,9273861120.0
2022-07-06,1580.37,1603.03,1620.3,1574.18,4201786,8330183168.0
2022-07-07,1607.98,1652.11,1654.77,1606.53,5373235,11314488320.0
2022-07-08,1657.73,1664.74,1677.55,1652.18,5396655,9912830976.0
2022-07-11,1664.88,1625.57,1664.88,1619.17,4429216,7816807424.0
2022-07-12,1619.13,1570.9,1620.97,1570.9,3899374,6898434560.0
2022-07-13,1570.41,1603.13,1604.58,1570.41,3657956,7499852800.0
2022-07-14,1603.91,1629.48,1641.18,1597.02,4306491,8680091648.0
2022-07-15,1624.52,1625.8,1654.73,1618.35,5524114,9679943680.0
2022-07-18,1630.61,1682.61,1682.71,1630.61,4625440,8893767680.0
2022-07-19,1685.46,1717.78,1731.02,1679.93,5770602,9970617344.0
2022-07-20,1717.44,1713.66,1719.57,1700.92,4452546,7533329408.0
2022-07-21,1708.72,1719.93,1735.37,1702.84,5659149,8797157376.0
2022-07-22,1719.36,1727.15,1747.92,1712.45,4728571,7426189312.0
2022-07-25,1725.68,1698.05,1733.91,1684.77,4014242,6356859392.0
2022-07-26,1700.54,1718.49,1721.84,1675.05,4349739,6368125440.0
2022-07-27,1719.96,1766.14,1766.26,1716.84,4858757,7464823296.0
2022-07-28,1777.54,1799.12,1812.58,1777.54,6778127,10565906432.0
2022-07-29,1809.03,1835.59,1846.44,1807.04,6255229,10051095552.0
2022-08-01,1841.65,1866.12,1866.31,1822.93,7818683,12043986944.0
2022-08-02,1843.35,1788.33,1843.35,1774.74,8388958,10861494272.0
2022-08-03,1790.85,1761.62,1834.9,1751.62,7521282,11024342016.0
2022-08-04,1767.16,1778.11,1778.22,1735.55,7720745,9275990016.0
2022-08-05,1771.98,1788.54,1803.68,1765.25,8244786,10964065280.0
2022-08-08,1786.35,1827.38,1827.4,1763.72,6502579,9011179520.0
2022-08-09,1839.98,1844.27,1859.48,1831.47,7756092,11303263232.0
2022-08-10,1836.7,1847.92,1857.64,1829.53,6785878,10592004096.0
2022-08-11,1856.45,1861.02,1861.75,1839.71,8292775,14422396928.0
2022-08-12,1853.84,1822.72,1864.06,1822.16,6582394,10372749312.0
2022-08-15,1819.59,1827.26,1834.16,1806.27,5669060,11525092352.0
2022-08-16,1828.81,1853.0,1858.35,1828.06,6845091,11064629248.0
2022-08-17,1853.44,1867.24,1867.58,1837.14,8300600,15202100224.0
2022-08-18,1861.42,1886.45,1890.16,1853.53,7101702,13282459648.0
2022-08-19,1887.21,1810.75,1889.53,1810.58,6219870,11169294336.0
2022-08-22,1803.67,1816.22,1816.22,1793.73,4630619,9067122688.0
2022-08-23,1815.22,1836.47,1849.09,1812.23,5158981,9690486784.0
2022-08-24,1838.66,1740.18,1843.87,1737.27,6214962,12800128000.0
2022-08-25,1741.88,1703.18,1749.93,1684.86,4095051,8209615360.0
2022-08-26,1705.14,1688.17,1723.74,1684.04,3889687,8135207936.0
2022-08-29,1664.68,1699.88,1705.02,1649.37,3001242,5564370432.0
2022-08-30,1702.88,1691.2,1718.02,1679.63,2987648,5356549120.0
2022-08-31,1687.69,1620.22,1691.25,1620.06,3895412,7642604032.0
2022-09-01,1624.57,1606.48,1637.31,1601.94,2490754,4801587712.0
2022-09-02,1610.31,1642.8,1647.0,1606.95,2856133,5347810304.0
2022-09-05,1641.91,1637.94,1653.23,1627.61,2715786,5011364352.0
2022-09-06,1643.5,1667.0,1667.31,1632.69,3173033,6817958912.0
2022-09-07,1660.59,1694.83,1706.66,1655.47,3277764,7206388736.0
2022-09-08,1697.18,1678.13,1705.99,1674.89,2690719,5164952064.0
2022-09-09,1677.89,1665.09,1681.43,1650.82,2512957,4111498496.0
2022-09-13,1670.92,1666.53,1688.38,1661.25,2259891,4443526656.0
2022-09-14,1641.92,1640.55,1654.97,1624.93,2470212,5665803776.0
2022-09-15,1648.74,1575.27,1650.06,1555.92,3480171,7773597184.0
2022-09-16,1575.66,1539.05,1579.05,1539.05,2446902,5627418112.0
2022-09-19,1536.75,1528.57,1552.52,1523.12,2248866,4807496192.0
2022-09-20,1540.01,1563.55,1576.34,1540.01,2385792,4874957312.0
2022-09-21,1557.24,1567.19,1574.04,1533.32,2530602,4406723072.0
2022-09-22,1556.42,1561.34,1585.66,1552.64,2312466,4646208000.0
2022-09-23,1564.41,1516.52,1568.15,1504.08,2486559,4436824576.0
2022-09-26,1510.52,1496.33,1523.54,1492.61,2088259,4075765760.0
2022-09-27,1500.78,1526.69,1526.69,1496.16,2074990,3292701952.0
2022-09-28,1528.33,1469.92,1528.33,1469.92,2394739,4260137728.0
2022-09-29,1482.77,1471.86,1489.53,1461.06,2132964,3664599808.0
2022-09-30,1472.06,1439.59,1475.06,1439.59,1856033,3623732992.0
2022-10-10,1443.87,1405.9,1449.25,1401.17,1774329,2980547328.0
2022-10-11,1414.59,1429.84,1437.24,1406.78,1738868,3724180736.0
2022-10-12,1428.42,1482.59,1482.8,1415.17,2253476,4997892608.0
2022-10-13,1475.33,1493.75,1505.51,1471.18,2192583,4479368704.0
2022-10-14,1504.73,1522.94,1528.56,1499.47,2219963,4793012736.0
2022-10-17,1517.78,1544.2,1544.66,1512.43,1901155,3440854272.0
2022-10-18,1550.68,1545.99,1559.91,1542.39,2032833,3937343232.0
2022-10-19,1542.47,1539.32,1558.47,1537.65,2379058,5838447104.0
2022-10-20,1533.13,1539.03,1555.81,1504.75,2892229,5220300288.0
2022-10-21,1540.63,1529.24,1544.15,1518.26,2220905,4215086848.0
2022-10-24,1534.46,1528.73,1561.74,1518.25,2919945,5727375872.0
2022-10-25,1521.19,1549.67,1554.81,1500.97,3221404,5557756928.0
2022-10-26,1551.02,1582.47,1591.75,1548.94,3607454,5930742272.0
2022-10-27,1588.6,1577.85,1607.94,1576.04,3466587,6438371840.0
2022-10-28,1568.45,1513.43,1575.62,1506.5,3644118,7312121344.0
2022-10-31,1505.96,1546.2,1562.53,1505.96,2887247,5669832192.0
2022-11-01,1559.74,1591.08,1592.72,1559.74,3009102,6213291520.0
2022-11-02,1596.42,1636.85,1639.44,1592.83,3525425,7123328512.0
2022-11-03,1633.0,1647.32,1652.44,1626.02,3498649,6489672192.0
2022-11-04,1648.06,1680.36,1682.85,1648.06,4710102,9414151168.0
2022-11-07,1681.53,1691.4,1696.28,1671.84,3692348,7284660736.0
2022-11-08,1687.62,1679.58,1688.23,1664.55,3215547,6360381440.0
2022-11-09,1677.77,1673.57,1692.02,1668.66,2974855,5046824448.0
2022-11-10,1673.57,1669.68,1685.17,1667.12,4352795,6896702976.0
2022-11-11,1703.06,1673.6,1716.0,1673.43,5863744,7772686848.0
2022-11-14,1669.2,1642.37,1670.84,1634.84,5296310,7688236032.0
2022-11-15,1641.25,1692.33,1692.33,1636.49,4910646,8020000768.0
2022-11-16,1695.01,1674.15,1700.89,1671.7,3601210,5572194816.0
2022-11-17,1675.38,1682.29,1682.73,1655.89,3714040,6623132672.0
2022-11-18,1682.42,1657.47,1690.66,1655.0,3215347,5335288320.0
2022-11-21,1651.17,1670.48,1670.48,1633.34,3012412,5303576576.0
2022-11-22,1667.44,1638.82,1670.07,1631.09,3653058,5656639488.0
2022-11-23,1636.11,1625.25,1637.49,1593.63,3596676,5049495040.0
2022-11-24,1625.32,1626.05,1637.33,1619.27,2483574,4020461312.0
2022-11-25,1621.59,1585.84,1621.59,1585.84,2439613,3928467968.0
2022-11-28,1567.23,1572.93,1577.07,1557.75,2104396,3786624000.0
2022-11-29,1573.09,1589.42,1593.09,1569.7,2246627,3676318208.0
2022-11-30,1591.55,1603.66,1615.95,1577.03,2854015,5168481792.0
2022-12-01,1621.04,1612.5,1629.84,1606.45,2644029,5158254592.0
2022-12-02,1608.73,1615.82,1627.11,1605.84,2201215,3548685056.0
2022-12-05,1622.93,1622.72,1625.48,1611.46,2643033,4048299008.0
2022-12-06,1619.16,1625.07,1630.6,1603.56,3059222,5265567232.0
2022-12-07,1621.09,1626.09,1632.42,1616.47,2984902,6509291008.0
2022-12-08,1623.57,1616.65,1625.62,1613.86,2330170,4432241152.0
2022-12-09,1617.78,1604.09,1622.22,1602.69,2437627,4013843968.0
2022-12-12,1601.24,1607.64,1612.17,1587.05,2473814,3764844800.0
2022-12-13,1608.09,1582.72,1610.14,1580.45,2008973,3277751552.0
2022-12-14,1587.38,1589.23,1606.4,1586.9,2446101,3715020288.0
2022-12-15,1590.1,1636.27,1636.54,1581.74,3260550,6219327488.0
2022-12-16,1624.48,1596.36,1629.96,1591.99,2548578,4655832576.0
2022-12-19,1597.58,1573.69,1603.97,1569.2,2805773,4874475008.0
2022-12-20,1571.22,1587.66,1590.86,1564.47,3148536,5055305216.0
2022-12-21,1584.15,1559.5,1584.15,1551.0,2844284,4260500224.0
2022-12-22,1564.51,1531.48,1567.74,1525.9,2590262,3910904320.0
2022-12-23,1521.85,1510.26,1525.91,1497.54,2639108,3919829248.0
2022-12-26,1511.08,1556.17,1556.17,1509.76,2291301,3934531328.0
2022-12-27,1557.41,1559.59,1562.13,1538.84,1988107,3335470080.0
2022-12-28,1552.69,1519.51,1552.69,1518.38,1932262,3353189888.0
2022-12-29,1517.89,1509.97,1533.94,1509.97,1828500,2971222272.0
2022-12-30,1516.94,1513.26,1526.68,1509.0,2158724,3379360256.0
2023-01-03,1511.28,1562.59,1565.97,1510.68,3336693,5481882624.0
2023-01-04,1563.13,1576.77,1577.57,1558.56,3472156,5564878336.0
2023-01-05,1582.02,1609.02,1610.31,1573.52,3103357,6049990656.0
2023-01-06,1612.15,1623.25,1632.61,1611.84,3255457,6080819200.0
2023-01-09,1625.21,1638.84,1646.49,1625.21,3181394,5665265152.0
2023-01-10,1645.82,1660.39,1666.3,1632.94,4117398,6942404096.0
2023-01-11,1662.07,1628.75,1664.4,1626.64,3810396,7198450688.0
2023-01-12,1631.0,1648.27,1657.03,1630.97,3174919,5830067200.0
2023-01-13,1654.75,1644.89,1664.64,1641.06,4963680,7269266432.0
2023-01-16,1643.33,1657.84,1665.13,1638.36,3846867,5508216320.0
2023-01-17,1661.72,1662.19,1672.73,1651.32,2887751,4377783808.0
2023-01-18,1662.33,1662.85,1668.76,1652.1,2733367,4150341120.0
2023-01-19,1664.92,1676.31,1677.2,1659.49,3155406,4628362752.0
2023-01-20,1675.04,1676.22,1680.85,1666.65,2531776,4264274176.0
2023-01-30,1699.89,1715.71,1726.86,1699.89,4845916,8449551360.0
2023-01-31,1714.66,1726.3,1726.46,1709.61,3396522,5263581184.0
2023-02-01,1728.4,1758.14,1758.14,1724.81,3922973,6626625536.0
2023-02-02,1758.74,1753.0,1765.03,1749.83,3551818,5775529984.0
2023-02-03,1752.17,1758.13,1760.74,1730.81,3141230,5366443520.0
2023-02-06,1766.08,1766.07,1780.08,1759.5,3059468,4850053632.0
2023-02-07,1774.37,1786.65,1786.65,1766.24,3302862,5453659648.0
2023-02-08,1795.83,1780.75,1795.83,1774.64,3603062,5655120384.0
2023-02-09,1777.71,1813.08,1813.08,1773.89,4926804,7142840320.0
2023-02-10,1810.49,1786.43,1811.1,1777.61,3880769,6166676992.0
2023-02-13,1791.43,1810.06,1810.79,1786.46,3786696,5872368128.0
2023-02-14,1815.31,1800.17,1815.87,1794.47,3439796,5143178752.0
2023-02-15,1801.17,1819.58,1822.64,1800.25,3259542,5988882944.0
2023-02-16,1816.22,1763.76,1818.91,1750.44,4705167,7917841408.0
2023-02-17,1766.13,1748.48,1774.11,1746.77,3371176,6236129280.0
2023-02-20,1751.45,1758.91,1759.81,1732.1,3255023,8463355392.0
2023-02-21,1759.33,1781.57,1785.66,1758.55,3432758,6489113088.0
2023-02-22,1781.08,1799.25,1801.32,1778.79,4256304,7388285440.0
2023-02-23,1798.02,1812.23,1826.31,1798.02,4565295,6562857984.0
2023-02-24,1809.53,1795.03,1809.53,1782.99,3345651,5180579840.0
2023-02-27,1787.37,1761.57,1790.97,1757.54,2990158,5069240832.0
2023-02-28,1766.86,1772.67,1779.41,1751.76,2299845,4193777920.0
2023-03-01,1772.37,1781.88,1781.88,1765.3,2896512,4723417088.0
2023-03-02,1785.69,1760.68,1786.92,1759.05,3167972,5350609408.0
2023-03-03,1762.43,1755.92,1769.61,1742.54,2813873,4567532544.0
2023-03-06,1756.88,1762.78,1764.07,1744.21,2577245,4636023296.0
2023-03-07,1762.46,1711.51,1762.46,1711.51,2802041,4520252416.0
2023-03-08,1705.82,1730.74,1730.74,1705.82,2115790,3632985344.0
2023-03-09,1733.36,1732.46,1736.95,1716.71,1962623,4288683008.0
2023-03-10,1717.07,1696.5,1726.75,1695.47,2479083,4784172032.0
2023-03-13,1690.03,1685.48,1694.04,1666.13,2461815,4750774784.0
2023-03-14,1686.1,1664.64,1686.13,1631.97,2607374,5259481088.0
2023-03-15,1674.56,1677.43,1693.05,1674.28,2761724,5108188672.0
2023-03-16,1670.52,1646.71,1676.4,1644.69,2314930,4535400960.0
2023-03-17,1658.1,1662.36,1668.4,1654.09,2634063,5403702272.0
2023-03-20,1665.18,1671.72,1680.67,1644.41,3252248,6518325760.0
2023-03-21,1674.28,1705.52,1705.52,1665.36,2555571,5312855552.0
2023-03-22,1707.99,1711.82,1718.52,1701.94,2847835,5808210432.0
2023-03-23,1706.3,1711.52,1714.26,1699.26,2737328,5050469376.0
2023-03-24,1714.36,1721.02,1721.08,1707.41,3305492,5573810176.0
2023-03-27,1724.28,1721.42,1729.92,1708.73,3388832,6206345216.0
2023-03-28,1720.62,1701.69,1720.62,1698.32,2677477,4712332288.0
2023-03-29,1699.67,1703.3,1710.69,1695.49,2820936,5092751872.0
2023-03-30,1702.69,1690.11,1705.66,1684.44,2687044,4845073408.0
2023-03-31,1692.36,1715.08,1715.44,1687.11,2810978,5483081728.0
2023-04-03,1718.78,1735.99,1736.14,1711.56,4809360,8440580608.0
2023-04-04,1738.19,1719.61,1740.32,1710.02,5277239,9803102208.0
2023-04-06,1711.6,1720.85,1722.26,1699.98,4837263,8702414848.0
2023-04-07,1718.02,1728.98,1729.41,1711.06,3331894,6020961792.0
2023-04-10,1729.55,1695.28,1733.86,1691.5,3698799,7536560640.0
2023-04-11,1696.96,1684.34,1698.36,1675.97,2998569,6020460032.0
2023-04-12,1687.46,1702.0,1702.0,1683.48,3100735,5771185152.0
2023-04-13,1697.82,1673.11,1697.82,1672.17,2930679,4872302592.0
2023-04-14,1677.1,1687.71,1689.28,1665.78,3244724,6805560832.0
2023-04-17,1687.51,1680.22,1692.77,1675.01,2671630,4855880192.0
2023-04-18,1678.24,1662.47,1679.45,1659.71,3144060,5764228608.0
2023-04-19,1661.52,1649.54,1662.13,1647.13,2384802,4277989632.0
2023-04-20,1646.85,1637.71,1649.27,1625.67,2599321,5347831296.0
2023-04-21,1635.9,1574.35,1635.9,1574.24,3310872,5799464448.0
2023-04-24,1573.14,1575.44,1586.76,1551.47,2756827,4595156992.0
2023-04-25,1574.53,1530.98,1574.93,1512.12,2714492,4593625088.0
2023-04-26,1526.55,1556.23,1565.04,1524.04,2654756,6073451008.0
2023-04-27,1559.25,1577.78,1583.74,1556.96,2811085,5070502400.0
2023-04-28,1582.71,1597.89,1604.76,1581.92,3196127,5263625216.0
2023-05-04,1594.24,1604.45,1612.96,1590.71,3101825,4779480576.0
2023-05-05,1605.66,1589.07,1606.06,1580.9,2293917,3581582080.0
2023-05-08,1593.35,1602.71,1609.53,1592.88,2130697,3562877440.0
2023-05-09,1602.76,1572.58,1602.76,1572.43,2177093,3329056000.0
2023-05-10,1571.67,1606.94,1615.28,1570.34,2570787,4940439040.0
2023-05-11,1609.81,1617.66,1620.93,1601.59,2139862,4963896832.0
2023-05-12,1616.55,1594.64,1623.95,1593.06,1774332,3442469376.0
2023-05-15,1595.17,1612.72,1612.72,1589.97,2041168,5262718464.0
2023-05-16,1616.04,1593.57,1616.05,1589.11,1826293,3554852352.0
2023-05-17,1592.55,1615.0,1615.0,1589.96,1919341,3134427648.0
2023-05-18,1617.93,1630.56,1630.91,1613.2,2114942,3235785984.0
2023-05-19,1627.96,1637.68,1642.17,1622.33,1797438,2772592128.0
2023-05-22,1636.46,1646.46,1646.94,1628.08,1775239,2855477760.0
2023-05-23,1646.07,1635.84,1656.63,1632.97,1751655,2687884544.0
2023-05-24,1631.45,1637.82,1646.7,1623.78,1786565,2859924736.0
2023-05-25,1635.86,1642.22,1648.68,1622.56,2090395,3352242432.0
2023-05-26,1641.12,1658.4,1660.52,1621.65,1867882,3045242112.0
2023-05-29,1660.31,1638.36,1663.25,1635.06,1907138,3238682112.0
2023-05-30,1633.91,1653.02,1653.02,1630.94,1866141,3099619328.0
2023-05-31,1653.79,1654.99,1658.65,1645.47,2154687,3513950208.0
2023-06-01,1654.4,1655.44,1667.94,1645.27,2426151,3787537920.0
2023-06-02,1658.24,1672.04,1675.78,1655.15,1978166,3693271296.0
2023-06-05,1676.5,1683.59,1685.68,1662.37,2674416,4623091712.0
2023-06-06,1681.07,1636.7,1681.25,1633.45,2484579,3650111488.0
2023-06-07,1639.83,1633.16,1643.29,1625.7,2086386,4100322560.0
2023-06-08,1631.72,1611.93,1633.6,1606.36,1983118,3316708352.0
2023-06-09,1617.97,1641.77,1641.87,1617.97,2716534,4483128320.0
2023-06-12,1635.09,1694.41,1699.19,1635.09,4059682,5778321408.0
2023-06-13,1700.09,1709.88,1712.18,1693.82,3793037,6048618496.0
2023-06-14,1710.27,1705.98,1711.38,1693.15,3002507,5352680960.0
2023-06-15,1703.56,1709.6,1722.49,1698.81,2918949,6595278336.0
2023-06-16,1714.8,1714.28,1717.15,1707.02,2531263,4882882048.0
2023-06-19,1713.13,1742.28,1749.37,1713.07,3263900,5566963200.0
2023-06-20,1748.03,1754.04,1761.34,1732.49,3615346,6284658688.0
2023-06-21,1758.77,1754.4,1772.15,1746.58,5394112,8417161216.0
2023-06-26,1741.59,1713.21,1761.25,1710.07,5222660,7498967040.0
2023-06-27,1707.84,1728.58,1734.64,1707.84,3615496,5015288320.0
2023-06-28,1725.78,1721.48,1728.04,1673.51,3756050,5179093504.0
2023-06-29,1723.05,1760.1,1764.31,1721.57,3367244,4530955264.0
2023-06-30,1758.47,1778.53,1782.93,1747.26,4088319,6880611840.0
2023-07-03,1783.47,1776.17,1803.58,1773.76,3640837,6036573184.0
2023-07-04,1780.21,1865.35,1866.76,1779.27,6930687,9423527936.0
2023-07-05,1874.0,1846.85,1878.24,1840.68,6113989,8536939008.0
2023-07-06,1835.35,1854.83,1861.5,1823.89,4999361,7546068992.0
2023-07-07,1846.79,1830.98,1857.31,1826.28,4684974,6284747776.0
2023-07-10,1846.69,1843.55,1864.07,1837.0,5038386,7073118720.0
2023-07-11,1848.45,1891.8,1891.8,1843.88,6226878,8424251904.0
2023-07-12,1890.22,1868.69,1911.99,1865.37,7139755,8926457856.0
2023-07-13,1861.02,1855.2,1869.01,1842.32,5250929,7315734528.0
2023-07-14,1853.38,1850.22,1862.52,1829.85,4996796,6964761600.0
2023-07-17,1839.32,1841.94,1844.77,1826.45,4773977,6264796160.0
2023-07-18,1841.89,1850.7,1866.89,1828.68,4521123,5996453888.0
2023-07-19,1844.21,1825.27,1846.87,1818.87,3493825,4480927232.0
2023-07-20,1824.76,1783.21,1828.96,1781.33,3726476,5333904896.0
2023-07-21,1778.48,1759.79,1784.05,1755.79,2822365,3845499904.0
2023-07-24,1759.74,1757.0,1773.69,1746.69,2218260,3171656704.0
2023-07-25,1777.38,1795.38,1801.58,1771.75,4244740,5361334784.0
2023-07-26,1794.78,1763.87,1795.54,1758.3,3683531,3946687488.0
2023-07-27,1795.23,1782.76,1811.76,1779.8,5654464,6867493888.0
2023-07-28,1767.54,1787.4,1797.4,1745.53,5783834,6028202496.0
2023-07-31,1785.56,1794.1,1808.41,1779.66,4928045,5709497344.0
2023-08-01,1791.82,1781.32,1795.42,1773.5,3949923,4142084096.0
2023-08-02,1776.26,1796.28,1797.02,1771.71,3543997,4310833152.0
2023-08-03,1787.44,1771.51,1787.58,1765.08,2935804,3625000192.0
2023-08-04,1775.04,1782.11,1789.68,1771.65,3387789,4984412672.0
2023-08-07,1774.28,1771.37,1788.83,1767.97,2421763,3236233728.0
2023-08-08,1769.22,1761.31,1784.29,1756.38,2291119,2943015680.0
2023-08-09,1755.08,1742.97,1755.14,1741.05,1973616,2722335744.0
2023-08-10,1738.49,1737.67,1750.4,1727.54,1787377,2538420480.0
2023-08-11,1741.49,1707.23,1741.64,1707.23,1857315,2419643904.0
2023-08-14,1694.47,1711.83,1712.25,1677.38,2035357,2805519104.0
2023-08-15,1713.95,1695.2,1717.86,1681.94,1632292,2250036992.0
2023-08-16,1691.2,1663.85,1693.85,1663.18,1626209,2278735616.0
2023-08-17,1660.64,1695.59,1698.18,1645.57,2146051,2801013760.0
2023-08-18,1694.02,1673.05,1706.26,1673.05,1647418,2345581056.0
2023-08-21,1669.9,1658.64,1688.67,1657.95,1595664,2456307712.0
2023-08-22,1667.09,1671.73,1679.61,1633.88,2009663,3082938112.0
2023-08-23,1670.6,1644.19,1670.6,1644.19,1966814,2806001408.0
2023-08-24,1646.84,1647.31,1666.89,1631.35,2053915,2924402944.0
2023-08-25,1644.19,1605.44,1644.19,1599.36,2618079,3256238848.0
2023-08-28,1696.15,1619.55,1696.55,1616.77,3248839,4496474624.0
2023-08-29,1616.78,1706.47,1708.98,1616.35,3740416,4934529536.0
2023-08-30,1706.67,1721.86,1733.37,1706.2,3020073,3938877952.0
2023-08-31,1718.4,1710.77,1718.64,1703.62,2289499,3206528256.0
2023-09-01,1714.45,1703.18,1719.79,1695.99,1799981,2334138112.0
2023-09-04,1709.24,1718.94,1718.94,1694.42,2252673,3176576512.0
2023-09-05,1718.95,1711.36,1727.15,1705.33,2036130,2772359936.0
2023-09-06,1709.07,1732.31,1733.32,1703.08,2112706,2967799040.0
2023-09-07,1730.81,1695.1,1730.81,1694.67,2041168,3075313920.0
2023-09-08,1693.4,1713.06,1720.77,1689.79,1685155,2594825216.0
2023-09-11,1727.09,1756.52,1760.84,1713.06,3043140,4470104064.0
2023-09-12,1773.22,1775.3,1786.6,1763.37,3537471,5247234560.0
2023-09-13,1768.11,1727.0,1768.11,1712.46,3573164,4247239168.0
2023-09-14,1722.98,1695.9,1722.98,1683.56,2418547,2950907904.0
2023-09-15,1702.54,1686.76,1703.35,1676.75,2890161,3660301824.0
2023-09-18,1688.96,1730.73,1747.1,1681.73,3699515,4821672960.0
2023-09-19,1721.36,1703.12,1722.61,1692.78,3267695,4280470528.0
2023-09-20,1696.52,1680.82,1715.75,1679.79,2344300,3247601152.0
2023-09-21,1676.38,1671.2,1689.29,1664.81,2200158,2818635520.0
2023-09-22,1667.98,1705.5,1705.5,1660.98,2461171,3179408384.0
2023-09-25,1707.51,1704.25,1722.95,1697.48,2392788,3362660864.0
2023-09-26,1700.93,1692.42,1703.63,1688.65,2325979,3178308096.0
2023-09-27,1691.48,1676.47,1697.15,1675.8,2378660,3444024832.0
2023-09-28,1681.67,1713.19,1717.68,1681.67,2563609,3192692736.0
2023-10-09,1719.79,1741.22,1747.33,1719.79,3634919,4564734976.0
2023-10-10,1746.66,1747.37,1753.73,1729.73,3866219,4905628672.0
2023-10-11,1750.59,1737.47,1750.59,1725.32,3166640,4216231168.0
2023-10-12,1743.82,1759.45,1765.97,1734.32,3634501,5424476160.0
2023-10-13,1751.69,1761.57,1769.72,1747.42,3125751,4499961344.0
2023-10-16,1766.47,1755.38,1766.91,1743.14,2949102,4236615936.0
2023-10-17,1751.63,1734.73,1751.63,1725.74,2338805,3595926784.0
2023-10-18,1729.86,1727.37,1742.11,1717.24,2970794,3794667776.0
2023-10-19,1717.14,1695.78,1727.16,1694.8,2739673,3772464128.0
2023-10-20,1687.65,1674.25,1715.94,1671.25,2616561,3675899392.0
2023-10-23,1663.07,1623.66,1671.52,1611.26,2824961,3477531392.0
2023-10-24,1626.67,1657.51,1668.81,1626.67,2738839,3876456448.0
2023-10-25,1661.23,1696.79,1699.92,1661.07,2923243,3822689792.0
2023-10-26,1692.42,1739.34,1741.45,1678.42,4011905,5498792448.0
2023-10-27,1747.61,1760.07,1766.7,1747.51,3938183,5702466048.0
2023-10-30,1769.33,1783.78,1788.86,1759.22,3889191,5413924864.0
2023-10-31,1790.83,1771.68,1798.23,1761.46,4288394,6826997760.0
2023-11-01,1758.38,1802.24,1809.61,1754.83,3961443,5264990720.0
2023-11-02,1811.05,1789.63,1825.19,1788.33,3919144,5165877760.0
2023-11-03,1809.96,1834.1,1841.71,1809.96,3881255,5205758976.0
2023-11-06,1857.7,1873.4,1877.06,1853.03,5489285,8037926400.0
2023-11-07,1883.59,1908.08,1912.96,1876.33,6198566,7189753856.0
2023-11-08,1924.9,1905.6,1924.9,1886.62,7055485,10378598400.0
2023-11-09,1886.99,1861.55,1887.77,1856.11,4896577,7464406016.0
2023-11-10,1848.32,1836.61,1855.13,1833.24,4026776,5384417792.0
2023-11-13,1836.89,1860.29,1860.29,1836.89,4247893,5362811904.0
2023-11-14,1858.18,1881.62,1881.62,1849.23,5712847,6865848320.0
2023-11-15,1891.53,1905.43,1905.7,1872.16,5663033,7517703680.0
2023-11-16,1903.52,1887.41,1904.86,1886.12,4515649,6246246400.0
2023-11-17,1882.31,1926.51,1928.01,1877.44,4885136,6881691136.0
2023-11-20,1931.12,1939.22,1940.29,1916.85,5172466,8122056704.0
2023-11-21,1936.32,1921.77,1944.77,1917.11,4952324,7925490176.0
2023-11-22,1907.43,1873.88,1923.05,1872.89,4125976,6336447488.0
2023-11-23,1871.72,1938.72,1939.96,1870.7,5081032,8038633984.0
2023-11-24,1940.68,1907.44,1941.15,1898.19,4298191,7290101760.0
2023-11-27,1915.67,1931.26,1939.35,1909.01,4991663,7276554752.0
2023-11-28,1922.05,1947.12,1950.46,1920.1,5428514,7868597760.0
2023-11-29,1944.05,1943.66,1971.06,1936.92,6217158,8392512512.0
2023-11-30,1928.08,1908.19,1928.76,1881.9,6459675,7760509440.0
2023-12-01,1912.7,1929.81,1930.95,1899.8,5834631,7223454720.0
2023-12-04,1921.83,1950.21,1955.71,1919.01,6119732,7264826368.0
2023-12-05,1937.82,1896.39,1937.82,1896.39,6344573,7656044544.0
2023-12-06,1885.86,1898.1,1918.7,1884.88,6188085,7921812480.0
2023-12-07,1885.34,1878.37,1888.38,1869.05,4704994,5860558848.0
2023-12-08,1873.83,1849.49,1885.3,1845.65,4438495,5348682752.0
2023-12-11,1840.5,1876.43,1876.43,1825.65,3909579,5297891328.0
2023-12-12,1873.68,1882.96,1885.66,1866.55,3395962,4406465024.0
2023-12-13,1879.7,1875.79,1904.23,1860.45,3863769,4949110272.0
2023-12-14,1879.7,1850.46,1887.2,1849.66,3220038,4235938304.0
2023-12-15,1853.08,1831.48,1859.49,1828.44,2583761,3594527488.0
2023-12-18,1828.46,1822.73,1840.48,1819.07,2775669,4078290944.0
2023-12-19,1820.22,1818.33,1822.79,1803.93,2648664,3793170432.0
2023-12-20,1822.7,1796.51,1831.77,1796.21,2563008,3725049088.0
2023-12-21,1788.22,1803.58,1810.38,1764.66,2849976,4098081536.0
2023-12-22,1810.63,1787.44,1816.22,1781.1,3659340,5099149312.0
2023-12-25,1784.33,1805.63,1806.12,1772.64,3311891,4385949184.0
2023-12-26,1806.05,1771.32,1806.13,1763.84,3341274,4558464512.0
2023-12-27,1768.59,1779.59,1782.8,1762.05,2722614,3690416128.0
2023-12-28,1771.48,1813.56,1818.31,1757.37,4120051,6079472128.0
2023-12-29,1804.52,1847.49,1847.91,1804.52,3407606,4817823232.0
2024-01-02,1847.67,1830.93,1848.83,1830.93,3092797,4079240192.0
2024-01-03,1823.62,1802.73,1824.56,1787.49,3160992,4010042368.0
2024-01-04,1797.49,1805.01,1809.18,1783.66,3481282,4128179968.0
2024-01-05,1809.05,1765.98,1814.41,1757.65,3914029,4595642368.0
2024-01-08,1764.21,1737.64,1764.21,1737.37,3032549,3743882240.0
2024-01-09,1738.93,1750.42,1768.29,1735.09,3330079,4172843264.0
2024-01-10,1743.28,1719.04,1746.52,1710.87,2746095,3523895808.0
2024-01-11,1717.05,1753.54,1758.55,1714.95,2978023,4285583360.0
2024-01-12,1749.19,1739.16,1769.56,1735.8,2733481,3710885632.0
2024-01-15,1726.52,1723.75,1732.57,1701.57,2826221,3418259456.0
2024-01-16,1718.34,1707.91,1720.79,1684.05,3637778,4089371136.0
2024-01-17,1705.02,1652.95,1705.03,1652.95,3220108,3966176768.0
2024-01-18,1642.32,1649.79,1654.09,1601.74,3435615,4176644096.0
2024-01-19,1645.07,1627.59,1655.8,1626.45,2426614,3644830208.0
2024-01-22,1622.05,1531.63,1627.29,1520.25,3269321,4271428352.0
2024-01-23,1524.67,1531.55,1542.58,1506.59,2757663,3407009536.0
2024-01-24,1537.73,1540.81,1547.88,1483.3,2719097,3411876608.0
2024-01-25,1539.9,1585.96,1586.56,1525.64,3056229,3781503744.0
2024-01-26,1581.75,1559.6,1594.13,1555.7,2631794,3354263808.0
2024-01-29,1564.96,1501.91,1569.72,1498.49,2490948,3223440896.0
2024-01-30,1491.73,1461.84,1516.54,1460.05,2510147,3121969408.0
2024-01-31,1456.41,1386.32,1466.36,1382.11,3321953,3880388608.0
2024-02-01,1381.92,1378.73,1407.26,1347.88,2950742,3229684992.0
2024-02-02,1383.88,1311.63,1400.34,1269.03,3873555,4145509376.0
2024-02-05,1298.91,1196.25,1298.91,1170.48,4551611,4521509888.0
2024-02-06,1163.33,1226.66,1258.3,1121.31,4903155,4572720640.0
2024-02-07,1230.53,1209.99,1255.49,1186.86,5248033,5038944768.0
2024-02-08,1215.21,1308.53,1309.11,1195.51,5529134,5116034560.0
2024-02-19,1323.19,1349.85,1362.33,1322.72,4600781,4619657216.0
2024-02-20,1345.36,1364.73,1365.49,1326.48,3247160,3304812544.0
2024-02-21,1352.73,1394.37,1432.99,1345.1,4021025,4618003968.0
2024-02-22,1397.03,1431.72,1431.72,1392.41,3572619,3724100096.0
2024-02-23,1435.58,1479.71,1479.71,1426.4,4029590,4466421760.0
2024-02-26,1489.56,1506.5,1535.63,1481.99,4490521,4943065088.0
2024-02-27,1503.44,1558.46,1558.46,1495.61,4188791,5011603968.0
2024-02-28,1562.29,1443.99,1577.89,1442.91,6171888,6938167296.0
2024-02-29,1429.64,1508.77,1508.77,1427.27,4513766,5493793280.0
2024-03-01,1515.44,1534.09,1534.77,1506.5,3823391,5147394560.0
2024-03-04,1533.17,1521.77,1542.81,1495.01,3181620,4066208768.0
2024-03-05,1512.38,1499.69,1516.03,1487.19,3126194,3721672448.0
2024-03-06,1493.92,1521.81,1532.08,1492.39,3182271,4042748672.0
2024-03-07,1525.85,1503.32,1543.72,1503.15,3380933,3802760192.0
2024-03-08,1502.93,1518.01,1520.35,1488.82,2787943,3378970368.0
2024-03-11,1514.79,1550.63,1550.63,1511.62,3787737,5847055360.0
2024-03-12,1556.71,1584.31,1584.31,1545.52,4671678,6198560256.0
2024-03-13,1582.06,1585.76,1597.46,1576.43,3670108,4714016768.0
2024-03-14,1583.08,1577.3,1595.51,1550.76,3788353,4700784640.0
2024-03-15,1567.72,1596.53,1597.12,1560.26,3562322,4649155584.0
2024-03-18,1603.21,1627.31,1627.49,1599.91,4173787,5316279808.0
2024-03-19,1627.55,1632.2,1651.73,1621.34,4046721,4971122688.0
2024-03-20,1631.52,1643.44,1643.44,1627.38,3360019,3889794304.0
2024-03-21,1646.54,1653.24,1659.81,1626.18,4566877,4730800640.0
2024-03-22,1650.34,1628.17,1650.34,1605.8,5057275,5147186176.0
2024-03-25,1613.6,1568.76,1619.91,1567.16,5719050,5825530880.0
2024-03-26,1562.85,1568.93,1581.11,1542.39,4486841,4932691968.0
2024-03-27,1568.97,1531.38,1572.49,1528.72,4625301,4831105024.0
2024-03-28,1523.93,1582.68,1592.74,1523.93,5550037,5561733120.0
2024-03-29,1582.64,1590.16,1597.75,1563.91,4531768,4735451136.0
2024-04-01,1597.9,1633.04,1635.63,1597.9,4974486,5472379392.0
2024-04-02,1631.52,1607.8,1631.52,1598.53,4842505,5323436544.0
2024-04-03,1604.68,1571.67,1604.68,1556.14,4245900,4401600512.0
2024-04-08,1570.11,1576.48,1596.88,1570.11,4805149,5384590848.0
2024-04-09,1572.63,1588.23,1593.39,1568.59,4223743,5011283968.0
2024-04-10,1581.17,1545.7,1582.03,1532.09,4191079,4186348288.0
2024-04-11,1537.8,1556.22,1576.82,1531.32,4413049,4394324992.0
2024-04-12,1562.74,1540.14,1577.3,1538.0,4686165,5107310080.0
2024-04-15,1532.01,1481.95,1548.01,1462.12,5308918,5442955776.0
2024-04-16,1465.73,1378.07,1465.73,1377.58,4887526,4783558656.0
2024-04-17,1388.07,1482.26,1482.73,1388.07,5491708,5077583360.0
2024-04-18,1484.06,1488.86,1516.76,1463.76,5271020,5381494784.0
2024-04-19,1490.26,1472.15,1494.61,1456.57,4207219,4591711744.0
2024-04-22,1465.93,1468.52,1481.22,1432.76,4092364,4193270784.0
2024-04-23,1471.71,1481.05,1488.35,1463.95,3854169,3855157760.0
2024-04-24,1487.94,1526.13,1526.13,1487.94,4074533,4435656704.0
2024-04-25,1535.4,1530.21,1546.06,1524.3,4423198,4941829632.0
2024-04-26,1524.43,1569.08,1572.93,1524.43,4699418,4931808768.0
2024-04-29,1582.33,1613.5,1613.89,1582.33,5946681,7068616192.0
2024-04-30,1622.0,1622.97,1639.03,1613.16,5139842,5847286784.0
2024-05-06,1640.27,1656.96,1659.96,1631.84,4818889,6521053696.0
2024-05-07,1646.88,1645.9,1653.7,1633.76,3638635,4659760640.0
2024-05-08,1637.9,1606.13,1639.57,1604.65,3612887,4493076992.0
2024-05-09,1604.36,1624.34,1629.84,1604.36,3768300,5524526080.0
2024-05-10,1622.46,1588.17,1622.65,1585.17,4035919,4381075456.0
2024-05-13,1576.41,1548.63,1576.41,1543.54,3112339,3924942592.0
2024-05-14,1547.53,1560.9,1569.85,1547.53,3141138,3300252160.0
2024-05-15,1560.63,1547.62,1570.97,1545.52,2925930,2909165056.0
2024-05-16,1549.01,1550.48,1571.08,1546.28,2837271,3048472320.0
2024-05-17,1555.21,1576.6,1576.6,1548.59,2832759,3298476544.0
2024-05-20,1576.6,1573.67,1590.09,1565.99,2857027,3308483328.0
2024-05-21,1571.46,1547.39,1571.49,1542.11,2175023,2692894464.0
2024-05-22,1546.06,1556.28,1560.28,1541.15,2738279,3867647488.0
2024-05-23,1553.35,1523.07,1553.35,1518.98,2777900,3083419648.0
2024-05-24,1522.35,1500.94,1528.16,1500.26,2237923,2623030272.0
2024-05-27,1504.46,1508.88,1509.36,1474.67,2221476,2483612928.0
2024-05-28,1507.0,1494.29,1517.49,1492.71,2196209,2333654016.0
2024-05-29,1491.63,1509.06,1515.29,1491.63,2736342,3611111936.0
2024-05-30,1510.5,1512.53,1521.97,1500.51,2381235,2988017920.0
2024-05-31,1518.06,1539.17,1550.74,1518.06,2936259,4070797312.0
2024-06-03,1550.53,1526.97,1559.3,1516.85,3801412,5274958848.0
2024-06-04,1518.27,1516.25,1525.36,1496.2,3800962,5870410240.0
2024-06-05,1519.18,1525.31,1547.25,1517.61,5069718,6105433088.0
2024-06-06,1522.28,1443.69,1525.52,1437.89,5680934,6176382464.0
2024-06-07,1451.73,1451.76,1472.11,1430.17,3799339,4248331264.0
2024-06-11,1445.48,1469.5,1470.09,1415.62,3236426,3533924608.0
2024-06-12,1464.64,1482.31,1489.39,1463.63,2802663,3093028352.0
2024-06-13,1483.07,1477.07,1489.43,1465.57,2953114,3487125504.0
2024-06-14,1470.49,1483.17,1483.33,1456.0,3097972,3764991232.0
2024-06-17,1489.76,1511.62,1524.81,1489.76,4003217,5152540160.0
2024-06-18,1516.58,1603.53,1606.23,1516.58,5500826,5878881792.0
2024-06-19,1630.77,1616.41,1643.8,1614.73,5421978,6057803776.0
2024-06-20,1618.62,1607.37,1629.52,1605.82,5312980,5851145216.0
2024-06-21,1598.98,1610.14,1618.45,1580.16,6226994,6160765440.0
2024-06-24,1591.39,1555.88,1600.22,1552.21,7628867,7057218560.0
2024-06-25,1551.67,1552.71,1580.37,1542.24,6396015,6150827520.0
2024-06-26,1539.82,1572.87,1573.18,1517.28,6582386,6198683648.0
2024-06-27,1561.28,1534.75,1566.66,1534.38,5714011,5343803392.0
2024-06-28,1523.05,1545.19,1562.92,1520.65,5744493,5422043136.0
2024-07-01,1539.33,1543.4,1547.19,1508.75,4869129,4960192000.0
2024-07-02,1539.9,1517.47,1544.42,1510.9,4094135,3885871616.0
2024-07-03,1521.19,1505.18,1524.4,1503.67,3981500,4015273984.0
2024-07-04,1518.54,1475.28,1528.13,1470.72,4498970,4247724032.0
2024-07-05,1468.26,1479.16,1485.55,1443.83,3583319,3397255424.0
2024-07-08,1471.07,1425.63,1471.33,1421.3,3481562,3452294912.0
2024-07-09,1428.77,1473.66,1474.72,1413.93,4612832,4720127488.0
2024-07-10,1480.72,1516.09,1531.88,1480.47,5598430,5781458432.0
2024-07-11,1542.98,1559.61,1562.66,1536.84,6777044,7351152128.0
2024-07-12,1552.39,1564.89,1569.87,1547.75,5083796,5722296320.0
2024-07-15,1558.63,1543.38,1571.49,1538.0,4653260,4792569856.0
2024-07-16,1534.64,1553.2,1553.32,1529.28,4074376,4662731264.0
2024-07-17,1550.74,1503.17,1550.82,1502.8,4268911,4629691904.0
2024-07-18,1485.39,1497.99,1500.37,1464.04,3750489,4160833024.0
2024-07-19,1495.14,1513.8,1530.56,1490.35,4060717,4275579648.0
2024-07-22,1511.92,1524.03,1529.44,1510.41,3478291,3704519680.0
2024-07-23,1527.04,1497.25,1544.24,1496.55,4656914,4596958720.0
2024-07-24,1490.6,1460.36,1496.33,1459.15,4719925,4722216960.0
2024-07-25,1453.27,1475.81,1484.35,1443.32,4630691,4881155584.0
2024-07-26,1480.63,1513.09,1519.43,1480.63,4035786,4759756800.0
2024-07-29,1518.86,1527.91,1538.21,1505.02,3911451,4043163904.0
2024-07-30,1530.13,1537.89,1540.87,1516.57,4816422,4977372160.0
2024-07-31,1541.18,1588.5,1588.59,1536.35,6624153,8027467776.0
2024-08-01,1588.14,1598.66,1604.89,1587.37,5521413,6653559808.0
2024-08-02,1588.12,1571.39,1598.46,1570.66,5165336,6813409792.0
2024-08-05,1555.11,1517.95,1568.46,1516.29,5263313,6446246912.0
2024-08-06,1535.17,1532.58,1546.41,1513.57,3916500,4610813440.0
2024-08-07,1521.97,1523.52,1535.19,1516.2,3063157,3949932800.0
2024-08-08,1516.88,1501.4,1516.88,1479.59,3881850,4274110464.0
2024-08-09,1506.76,1499.48,1517.82,1499.48,4003707,4233346304.0
2024-08-12,1491.55,1484.95,1501.14,1475.66,5022626,5230688768.0
2024-08-13,1480.68,1502.88,1502.88,1476.97,4107224,4994560512.0
2024-08-14,1496.43,1498.79,1511.04,1491.19,5687894,5980140544.0
2024-08-15,1491.25,1519.81,1521.96,1475.63,6419277,6722436096.0
2024-08-16,1512.23,1498.97,1517.89,1496.82,4646293,4852344320.0
2024-08-19,1490.99,1478.8,1504.51,1478.3,3667142,4266635520.0
2024-08-20,1476.32,1442.04,1478.91,1436.61,3759515,3845003520.0
2024-08-21,1436.34,1436.19,1448.46,1431.59,2828871,3378196480.0
2024-08-22,1434.35,1409.82,1437.22,1408.19,3348401,3635441408.0
2024-08-23,1406.56,1408.91,1418.19,1393.17,2735390,3433972736.0
2024-08-26,1407.34,1426.5,1427.31,1400.58,3196217,3443715840.0
2024-08-27,1425.52,1396.45,1425.52,1393.26,4088848,3816510208.0
2024-08-28,1392.1,1398.99,1410.65,1384.89,3223037,2938807552.0
2024-08-29,1384.22,1417.86,1423.17,1378.95,3211580,3280040192.0
2024-08-30,1416.88,1447.41,1467.33,1413.73,4032275,4338054144.0
2024-09-02,1447.91,1414.24,1453.01,1413.13,3177187,3024055808.0
2024-09-03,1416.87,1437.14,1440.77,1415.99,2696608,2890327808.0
2024-09-04,1427.33,1423.26,1437.9,1417.12,2568826,3004376064.0
2024-09-05,1425.09,1441.99,1447.93,1425.09,2587430,3079389952.0
2024-09-06,1444.06,1415.9,1450.36,1415.3,3315979,3914427904.0
2024-09-09,1392.26,1397.57,1412.37,1384.14,2653153,2848544256.0
2024-09-10,1399.68,1413.65,1420.43,1383.92,2508100,2619414272.0
2024-09-11,1412.11,1412.89,1417.34,1402.17,2364645,2885830144.0
2024-09-12,1416.86,1415.6,1435.3,1415.0,2576963,3059508992.0
2024-09-13,1415.31,1387.62,1417.82,1387.28,2710030,2658455040.0
2024-09-18,1383.03,1374.58,1387.45,1352.42,2343700,2313508352.0
2024-09-19,1376.74,1400.26,1407.37,1370.1,2716884,2914328576.0
2024-09-20,1401.85,1397.5,1403.1,1387.59,2417826,3017333760.0
2024-09-23,1396.29,1423.63,1428.99,1389.79,4165965,4303035904.0
2024-09-24,1432.5,1463.29,1463.54,1409.62,7563422,7887877632.0
2024-09-25,1473.28,1475.85,1504.61,1472.37,7505637,7917409280.0
2024-09-26,1474.63,1530.74,1530.74,1472.43,7307867,7623362048.0
2024-09-27,1544.96,1603.3,1613.65,1543.69,9255367,10861270016.0
2024-09-30,1673.64,1778.31,1789.52,1637.42,12757066,16691402752.0
2024-10-08,1978.99,1937.69,2009.39,1805.62,14528607,23126503424.0
2024-10-09,1888.56,1792.05,1899.3,1777.13,12650791,19397537792.0
2024-10-10,1807.02,1780.09,1833.39,1751.7,8541455,12245595136.0
2024-10-11,1774.71,1696.49,1774.71,1678.02,6854003,9652389888.0
2024-10-14,1694.63,1739.84,1740.29,1665.27,6157773,8406686208.0
2024-10-15,1734.31,1708.21,1769.41,1708.1,5763785,8355265536.0
2024-10-16,1686.82,1701.9,1720.27,1682.99,4796830,6601751552.0
2024-10-17,1724.71,1704.47,1742.26,1702.28,5724508,7526916096.0
2024-10-18,1700.7,1776.61,1806.07,1699.49,9833233,13360361472.0
2024-10-21,1785.47,1800.65,1827.41,1777.93,9457398,13020861440.0
2024-10-22,1801.12,1812.62,1828.07,1784.86,7771752,9904446464.0
2024-10-23,1808.54,1827.8,1845.45,1797.66,7627872,11257186304.0
2024-10-24,1835.09,1804.09,1835.09,1800.44,6228037,8732756992.0
2024-10-25,1810.2,1845.53,1856.64,1810.2,8044622,13426045952.0
2024-10-28,1846.04,1883.35,1883.35,1835.23,8095439,11362733056.0
2024-10-29,1878.82,1835.51,1892.27,1834.3,7590696,10617128960.0
2024-10-30,1822.85,1831.42,1850.94,1813.89,7039575,8708979712.0
2024-10-31,1827.51,1848.29,1857.76,1816.88,7881975,11236415488.0
2024-11-01,1837.65,1763.13,1851.02,1759.97,7629817,10204646400.0
2024-11-04,1761.44,1819.74,1819.74,1761.44,5035504,7095499776.0
2024-11-05,1818.54,1871.72,1874.83,1807.15,6917978,10444536832.0
2024-11-06,1878.72,1878.4,1901.97,1861.89,10179155,14639463424.0
2024-11-07,1873.7,1912.75,1912.75,1870.21,8367363,11652813824.0
2024-11-08,1928.95,1941.05,1961.0,1927.0,9962655,14475983872.0
2024-11-11,1933.24,1994.53,1994.53,1929.06,8534369,13694610432.0
2024-11-12,2008.97,1981.92,2016.82,1961.13,10032727,15981863936.0
2024-11-13,1968.18,1988.18,1988.31,1923.07,7733094,11915654144.0
2024-11-14,1985.17,1923.14,1988.73,1919.96,6877283,11014543360.0
2024-11-15,1914.51,1878.45,1935.6,1877.67,6255033,9679066112.0
2024-11-18,1883.68,1819.81,1891.53,1806.46,6185617,8626248704.0
2024-11-19,1832.85,1886.11,1886.11,1824.56,5406177,8988472320.0
2024-11-20,1886.02,1930.64,1933.54,1878.79,5990790,9129237504.0
2024-11-21,1926.4,1934.4,1946.62,1911.72,6440171,9152794624.0
2024-11-22,1927.17,1845.51,1934.59,1843.97,6379461,8932078592.0
2024-11-25,1849.55,1859.9,1862.56,1816.85,4526950,6629950464.0
2024-11-26,1858.24,1831.04,1872.34,1828.56,3605668,5278061568.0
2024-11-27,1822.1,1869.53,1869.53,1781.38,4792163,6159400448.0
2024-11-28,1875.05,1876.05,1895.43,1871.72,4599127,5904848896.0
2024-11-29,1873.47,1916.85,1930.21,1853.52,7408746,8085151232.0
2024-12-02,1921.21,1965.06,1965.73,1918.64,6791883,8287926784.0
2024-12-03,1970.94,1968.65,1986.45,1954.22,6973911,8293512192.0
2024-12-04,1974.29,1956.23,1988.46,1945.48,8101460,8619069440.0
2024-12-05,1948.58,2002.43,2006.95,1948.58,5760086,7170886144.0
2024-12-06,2017.08,2015.07,2023.22,1984.59,6319155,8366175232.0
2024-12-09,2014.73,2044.34,2047.36,2012.84,7473778,9721118720.0
2024-12-10,2103.53,2081.47,2107.41,2076.75,10046549,12801969152.0
2024-12-11,2082.41,2105.95,2109.3,2070.85,9386422,11061869568.0
2024-12-12,2100.87,2095.87,2112.37,2069.21,7401939,8494784512.0
2024-12-13,2085.01,2058.28,2102.03,2057.08,7588445,9419388928.0
2024-12-16,2054.3,2020.94,2057.0,2009.6,4573596,5805212672.0
2024-12-17,2013.19,1955.38,2020.29,1949.7,4762434,6105666560.0
2024-12-18,1956.16,1981.82,1995.16,1933.19,7464587,8067174912.0
2024-12-19,1955.09,1981.34,1987.18,1947.75,7204569,8004258304.0
2024-12-20,1980.61,2001.81,2018.18,1978.69,6259552,7500786688.0
2024-12-23,1995.97,1895.66,1997.44,1893.19,5900469,6915450368.0
2024-12-24,1905.68,1921.22,1932.6,1880.68,5089021,6224772096.0
2024-12-25,1912.54,1889.25,1914.79,1865.06,4969114,5842877440.0
2024-12-26,1890.04,1930.25,1945.54,1883.15,5780596,8983445504.0
2024-12-27,1928.05,1923.1,1947.78,1915.07,5374528,7386370560.0
2024-12-30,1919.48,1904.16,1923.13,1878.93,4569171,6710277120.0
2024-12-31,1909.21,1846.32,1912.03,1844.29,4619723,5996045824.0
2025-01-02,1844.42,1801.96,1868.78,1784.19,4808548,6069526528.0
2025-01-03,1802.27,1729.11,1810.8,1724.58,4565606,5552067584.0
2025-01-06,1727.86,1730.48,1754.63,1690.79,3506966,4455686144.0
2025-01-07,1731.81,1763.53,1763.82,1720.59,3356676,4479804928.0
2025-01-08,1756.88,1762.35,1778.25,1703.36,4419364,5164775424.0
2025-01-09,1754.89,1768.47,1779.96,1751.47,3709837,4220012544.0
2025-01-10,1766.8,1745.04,1803.92,1745.04,5066015,5673852416.0
2025-01-13,1721.4,1757.17,1765.6,1704.33,3732772,4351234048.0
2025-01-14,1763.34,1853.15,1853.33,1763.34,5375049,6503813120.0
2025-01-15,1854.55,1846.01,1859.77,1833.85,4201341,4951375872.0
2025-01-16,1856.33,1871.45,1882.9,1856.0,4701405,6010300928.0
2025-01-17,1862.78,1876.82,1892.48,1858.38,5404066,5786365952.0
2025-01-20,1899.2,1897.81,1908.29,1891.33,4749124,5476587520.0
2025-01-21,1904.95,1896.82,1906.17,1869.39,4653308,5389323264.0
2025-01-22,1890.46,1864.81,1890.46,1856.7,3701018,4426312192.0
2025-01-23,1884.89,1859.22,1908.13,1859.22,4226545,5170266624.0
2025-01-24,1853.26,1893.91,1894.85,1853.26,4109324,5170433024.0
2025-01-27,1898.98,1859.81,1908.94,1859.81,3644937,4594504192.0
2025-02-05,1875.71,1897.47,1907.61,1874.75,4239743,5363121152.0
2025-02-06,1893.81,1983.7,1983.92,1888.72,6348769,8740844544.0
2025-02-07,2008.24,2007.86,2034.47,1980.7,8973365,12788764672.0
2025-02-10,2014.74,2033.34,2033.46,1994.3,7444444,10761150464.0
2025-02-11,2038.69,2020.4,2038.69,2006.4,7298792,9623100416.0
2025-02-12,2011.25,2054.95,2055.3,2007.34,7286967,10208927744.0
2025-02-13,2052.19,2004.1,2052.19,2002.75,5901160,8388001280.0
2025-02-14,2002.27,2014.77,2036.45,2001.89,5753824,8476400128.0
2025-02-17,2023.18,2026.73,2040.49,2008.05,5984537,8795278336.0
2025-02-18,2021.07,1980.48,2032.67,1972.99,5378539,8242742784.0
2025-02-19,1977.0,2046.54,2046.54,1977.0,6758994,8876077056.0
2025-02-20,2046.11,2082.31,2084.7,2043.35,7348624,9074896896.0
2025-02-21,2075.79,2102.03,2104.89,2065.84,7557578,10673428480.0
2025-02-24,2101.4,2090.88,2104.18,2067.37,5929640,8964683776.0
2025-02-25,2069.49,2100.8,2118.89,2063.79,6512804,9156075520.0
2025-02-26,2098.38,2121.87,2134.12,2096.33,6368430,9246856192.0
2025-02-27,2121.88,2100.89,2128.05,2062.49,6047557,9459015680.0
2025-02-28,2091.21,2001.36,2094.45,1996.25,5834430,9338803200.0
2025-03-03,2009.23,2019.76,2050.26,1992.07,5150172,9690080256.0
2025-03-04,2004.42,2057.7,2061.32,2002.71,4613827,7541173760.0
2025-03-05,2053.09,2064.0,2066.45,2033.44,4072743,6285912576.0
2025-03-06,2071.87,2094.56,2107.22,2071.87,5477160,7965702656.0
2025-03-07,2090.53,2109.52,2122.3,2088.45,5181758,7742232064.0
2025-03-10,2115.86,2127.42,2131.33,2105.07,4766752,6816539136.0
2025-03-11,2097.26,2122.82,2122.82,2082.07,4713033,6477020160.0
2025-03-12,2141.35,2167.08,2178.55,2135.0,7332835,9023660032.0
2025-03-13,2166.23,2140.97,2168.13,2113.81,6934556,9389135872.0
2025-03-14,2136.95,2187.52,2187.52,2120.37,7114770,9258212352.0
2025-03-17,2187.38,2194.7,2209.54,2172.19,5665093,7877273600.0
2025-03-18,2197.16,2230.84,2240.66,2197.06,6037970,8298392064.0
2025-03-19,2223.86,2231.7,2249.07,2208.55,6884316,10073870336.0
2025-03-20,2225.72,2242.71,2261.73,2222.74,6343786,9324856320.0
2025-03-21,2232.94,2166.95,2234.91,2160.68,6065632,8765306880.0
2025-03-24,2163.23,2118.64,2164.46,2068.15,5558338,7889762304.0
2025-03-25,2116.25,2091.14,2129.96,2083.41,3676532,5258452480.0
2025-03-26,2088.03,2133.96,2143.69,2084.96,4125262,5570143744.0
2025-03-27,2121.56,2099.25,2129.61,2088.8,3687686,5123802112.0
2025-03-28,2099.55,2080.03,2119.19,2079.2,3106457,4198315776.0
2025-03-31,2075.49,2070.66,2078.33,2029.65,3985154,5564705792.0
2025-04-01,2076.03,2079.03,2098.17,2072.56,3334051,4819381248.0
2025-04-02,2078.2,2097.48,2120.7,2074.43,3276604,4744826880.0
2025-04-03,2072.59,2040.12,2090.08,2026.7,4375842,6775024640.0
2025-04-07,1888.93,1782.11,1903.96,1766.95,5009620,7040537088.0
2025-04-08,1770.44,1752.98,1810.78,1710.46,6421989,7399553024.0
2025-04-09,1718.64,1789.04,1805.0,1631.02,5940461,6669130752.0
2025-04-10,1840.15,1839.45,1879.31,1837.78,5087347,6484162560.0
2025-04-11,1826.52,1868.34,1889.07,1822.91,3873114,5019602944.0
2025-04-14,1900.7,1906.44,1920.72,1897.31,3833061,4897771520.0
2025-04-15,1913.0,1898.88,1920.96,1883.68,2842930,4011394560.0
2025-04-16,1894.86,1864.36,1896.51,1836.78,2835969,3883966720.0
2025-04-17,1855.67,1870.56,1888.56,1854.84,2372109,3106056192.0
2025-04-18,1867.2,1884.09,1893.34,1858.47,2363651,3215265792.0
2025-04-21,1880.12,1919.03,1919.03,1865.61,2669419,3493828864.0
2025-04-22,1918.8,1916.87,1928.8,1910.31,2739647,3617079808.0
2025-04-23,1936.29,1960.54,1966.35,1934.07,3615311,5101507072.0
2025-04-24,1958.26,1937.12,1967.7,1928.59,3527155,4910638592.0
2025-04-25,1938.74,1941.88,1955.02,1931.89,2758159,4026176000.0
2025-04-28,1938.9,1922.81,1941.2,1907.19,2910731,4059535104.0
2025-04-29,1915.92,1940.31,1951.27,1909.47,3026914,4093862656.0
2025-04-30,1942.32,1967.68,1972.87,1942.32,2997933,4782294016.0
2025-05-06,1985.51,2028.46,2028.46,1985.51,3293323,5288971776.0
2025-05-07,2062.85,2046.4,2068.58,2028.45,4259768,6137533952.0
2025-05-08,2050.48,2081.09,2087.12,2046.42,5189911,6630352896.0
2025-05-09,2079.31,2059.7,2081.98,2047.76,5591144,6083209216.0
2025-05-12,2080.78,2096.41,2097.49,2077.42,4900945,6145080320.0
2025-05-13,2115.49,2073.3,2116.99,2069.53,3978575,5388327424.0
2025-05-14,2069.17,2066.23,2080.1,2051.75,3568880,5641133056.0
2025-05-15,2064.91,2041.35,2065.17,2040.25,3165842,4319595520.0
2025-05-16,2039.03,2083.2,2098.31,2039.03,4573935,5961948672.0
2025-05-19,2108.49,2096.28,2110.54,2072.68,4990722,7121751552.0
2025-05-20,2104.42,2122.52,2123.13,2088.98,4816856,7036347904.0
2025-05-21,2119.18,2110.23,2124.35,2094.25,4616544,7736868352.0
2025-05-22,2099.72,2093.65,2123.09,2087.21,4105301,6548104704.0
2025-05-23,2087.11,2047.99,2102.04,2047.74,4205673,6488083456.0
2025-05-26,2041.68,2059.24,2072.83,2041.68,3319887,5295161344.0
2025-05-27,2057.21,2058.1,2061.27,2040.23,3413307,4893129728.0
2025-05-28,2067.73,2065.52,2090.35,2059.61,3521306,4412185088.0
2025-05-29,2074.15,2137.24,2143.57,2074.15,5171291,6771464192.0
2025-05-30,2135.57,2087.15,2137.71,2083.56,4710812,6812297216.0
2025-06-03,2077.69,2078.44,2098.45,2075.61,3620797,5471046144.0
2025-06-04,2082.08,2090.92,2093.79,2073.14,4116008,5416420864.0
2025-06-05,2093.57,2103.04,2106.54,2079.67,4387504,5581199360.0
2025-06-06,2099.67,2094.7,2099.67,2081.74,3423357,4203095552.0
2025-06-09,2098.36,2100.48,2108.42,2092.59,3158514,4082915072.0
2025-06-10,2100.95,2065.94,2100.95,2039.9,3911365,5263820288.0
2025-06-11,2076.21,2098.9,2106.14,2076.21,3918900,5417887744.0
2025-06-12,2091.35,2091.51,2102.87,2075.87,3536160,4634596352.0
2025-06-13,2079.87,2034.87,2079.87,2031.41,3836961,4816069120.0
2025-06-16,2025.51,2052.92,2052.92,2024.05,3105242,3691914240.0
2025-06-17,2055.14,2044.95,2058.11,2035.49,3250189,3804294656.0
2025-06-18,2039.98,2048.52,2050.41,2025.89,2784150,3449060096.0
2025-06-19,2043.71,2005.12,2058.64,2000.21,3109363,4384373248.0
2025-06-20,2003.24,1996.13,2018.91,1984.05,2763937,3669969152.0
2025-06-23,1982.72,2029.23,2029.57,1978.11,3113745,4224964864.0
2025-06-24,2052.23,2112.43,2112.46,2052.23,4410240,6231117824.0
2025-06-25,2109.94,2132.33,2132.35,2105.55,5942794,7797889024.0
2025-06-26,2124.7,2110.18,2132.65,2110.16,4540432,6218447872.0
2025-06-27,2125.07,2112.07,2129.34,2109.99,3532175,5171259904.0
2025-06-30,2118.38,2136.04,2136.09,2113.58,3883067,5482622976.0
2025-07-01,2138.3,2136.24,2143.42,2121.35,4131071,5300533248.0
2025-07-02,2135.44,2117.87,2135.44,2105.77,3200511,4146795008.0
2025-07-03,2118.49,2134.71,2139.01,2113.61,3834411,5758951424.0
2025-07-04,2130.45,2104.56,2132.22,2102.66,3909136,6205899776.0
2025-07-07,2106.7,2106.86,2111.84,2099.92,2857949,4507976192.0
2025-07-08,2092.96,2109.34,2109.54,2088.0,3228377,4990045184.0
2025-07-09,2113.38,2103.37,2122.36,2097.84,4384974,6316313088.0
2025-07-10,2098.92,2112.82,2119.49,2095.24,3735941,5194855936.0
2025-07-11,2110.93,2132.75,2138.85,2101.38,4038303,5915663360.0
2025-07-14,2134.05,2155.25,2158.11,2129.92,3317965,4869731328.0
2025-07-15,2157.22,2143.41,2161.68,2123.73,4184187,5699914240.0
2025-07-16,2145.0,2168.84,2173.19,2141.38,3486287,5061749760.0
2025-07-17,2168.83,2186.11,2186.23,2160.84,3723757,6035430912.0
2025-07-18,2186.84,2178.89,2189.89,2169.13,3723331,5929618944.0
2025-07-21,2181.29,2196.99,2197.81,2179.23,4101483,5510530560.0
2025-07-22,2199.38,2190.97,2199.38,2178.51,4223267,6340163584.0
2025-07-23,2187.95,2180.16,2193.76,2175.78,4097065,5909004288.0
2025-07-24,2178.3,2210.37,2210.37,2177.85,3548769,5956262400.0
2025-07-25,2215.81,2215.42,2216.94,2203.6,3608955,5768042496.0
2025-07-28,2221.66,2224.36,2234.97,2219.01,3445528,5893768704.0
2025-07-29,2223.04,2229.26,2229.26,2202.59,3302356,5453087744.0
2025-07-30,2228.54,2193.96,2229.33,2177.29,3458108,5871614976.0
2025-07-31,2186.65,2170.07,2209.45,2163.68,3891999,6166405120.0
2025-08-01,2171.78,2182.12,2189.59,2166.6,3065213,4952506880.0
2025-08-04,2172.39,2206.14,2206.14,2167.18,2708981,4227533568.0
2025-08-05,2209.1,2232.05,2232.81,2209.1,3509848,4988483584.0
2025-08-06,2231.43,2259.53,2261.53,2222.87,3958411,5520585216.0
2025-08-07,2260.45,2260.09,2265.37,2247.11,4066717,5894173696.0
2025-08-08,2256.38,2249.39,2258.06,2241.93,3387508,4841726464.0
2025-08-11,2259.35,2298.67,2301.74,2259.35,3942678,7400972800.0
2025-08-12,2301.33,2301.44,2303.03,2274.79,4439542,6961950720.0
2025-08-13,2302.48,2321.7,2326.22,2298.36,5769116,7745412096.0
2025-08-14,2324.31,2272.95,2327.77,2269.12,5001727,7217314816.0
2025-08-15,2271.35,2310.79,2310.81,2271.35,4640368,7824614912.0
2025-08-18,2319.84,2325.76,2340.91,2312.14,5393537,8652612608.0
2025-08-19,2327.01,2361.05,2367.93,2318.89,5510187,8686316544.0
2025-08-20,2352.53,2396.36,2396.65,2338.2,6335281,9566423040.0
2025-08-21,2398.81,2368.85,2398.81,2355.1,4899289,7328109568.0
2025-08-22,2368.53,2380.5,2381.57,2361.65,5273113,9418778624.0
2025-08-25,2392.01,2394.37,2407.97,2374.2,7025367,11767830528.0
2025-08-26,2393.52,2418.38,2430.18,2384.2,6414938,10337113088.0
2025-08-27,2426.27,2387.01,2460.16,2387.01,10234031,17831358464.0
2025-08-28,2392.13,2412.65,2435.47,2335.25,7929989,12687387648.0
2025-08-29,2417.69,2386.34,2419.63,2380.28,7113244,15914308608.0
2025-09-01,2392.5,2398.19,2415.37,2388.13,6310657,12327205888.0
2025-09-02,2393.81,2365.13,2394.13,2310.39,6981312,13367311360.0
2025-09-03,2371.54,2319.3,2380.72,2313.87,6062137,15656443904.0
2025-09-04,2323.23,2292.1,2350.83,2260.04,6210667,17337354240.0
2025-09-05,2298.09,2361.46,2361.98,2291.07,6207469,18407909376.0
2025-09-08,2376.69,2395.13,2397.29,2367.74,8041042,22138847232.0
2025-09-09,2388.78,2366.52,2388.78,2358.49,8166802,15996872704.0
2025-09-10,2361.82,2357.07,2386.16,2346.4,6479824,14227399680.0
2025-09-11,2354.79,2394.4,2394.4,2324.55,6257071,14072371200.0
2025-09-12,2396.05,2387.67,2401.71,2375.66,6382231,15877937152.0
2025-09-15,2407.92,2427.15,2452.98,2407.92,7590436,18695399424.0
2025-09-16,2435.72,2474.21,2474.21,2426.66,8057646,15814099968.0
2025-09-17,2466.58,2488.66,2499.81,2459.73,6725633,15203406848.0
2025-09-18,2502.07,2479.18,2545.52,2450.13,10935357,20962555904.0
2025-09-19,2468.25,2448.38,2473.39,2436.35,7545288,15280149504.0
2025-09-22,2448.73,2453.42,2465.54,2434.34,5071221,9769750528.0
2025-09-23,2450.21,2446.67,2452.49,2392.27,7223930,16415257600.0
2025-09-24,2434.13,2481.14,2481.14,2411.02,6649377,15311458304.0
2025-09-25,2473.18,2467.56,2501.65,2460.95,6254420,17515489280.0
2025-09-26,2456.76,2433.74,2469.38,2431.52,5036938,11779650560.0
2025-09-29,2442.41,2469.97,2473.34,2423.87,5748233,15272482816.0
2025-09-30,2474.36,2474.46,2483.29,2468.34,5436640,15381036032.0
2025-10-09,2478.24,2487.88,2495.92,2463.64,7499309,16445481984.0
2025-10-10,2475.38,2448.16,2485.51,2442.55,6366521,14755312640.0
2025-10-13,2346.67,2416.68,2423.88,2331.81,5655128,12829520896.0
2025-10-14,2433.86,2369.91,2446.59,2361.07,5354095,12732089344.0
2025-10-15,2373.67,2424.2,2425.22,2357.28,6025331,11485935616.0
2025-10-16,2424.34,2425.15,2448.85,2416.09,6128329,12991045632.0
2025-10-17,2418.52,2332.9,2418.96,2332.22,6177091,12862040064.0
2025-10-20,2360.34,2356.13,2375.51,2340.59,4455439,9133930496.0
2025-10-21,2363.35,2394.64,2395.59,2354.98,4720258,9159292928.0
2025-10-22,2387.43,2381.29,2402.47,2372.74,3767726,7326412288.0
2025-10-23,2378.93,2393.43,2393.6,2351.53,4314311,8699478016.0
2025-10-24,2403.53,2419.21,2423.1,2398.99,4712386,11011225600.0
2025-10-27,2427.12,2424.27,2433.05,2400.64,5653302,15670646784.0
2025-10-28,2429.67,2434.96,2452.63,2419.84,6890832,12201137152.0
2025-10-29,2429.74,2447.32,2447.32,2412.21,6883634,14472522752.0
2025-10-30,2443.21,2416.75,2448.81,2413.84,6589682,16105807872.0
2025-10-31,2414.48,2439.17,2461.67,2414.48,5649286,13538305024.0
2025-11-03,2441.02,2449.07,2449.07,2418.26,5167985,11645506560.0
2025-11-04,2445.49,2420.82,2445.49,2401.83,4973345,10502983680.0
2025-11-05,2397.16,2432.4,2439.8,2392.08,4749791,12105799680.0
2025-11-06,2437.48,2445.75,2445.75,2419.65,4117583,9330294784.0
2025-11-07,2438.68,2435.18,2445.07,2424.81,4333214,11447064576.0
2025-11-10,2434.77,2432.51,2439.45,2420.83,4263626,11459738624.0
2025-11-11,2438.86,2440.38,2453.89,2435.35,4011987,9404664832.0
2025-11-12,2435.0,2416.52,2437.08,2399.26,4774008,9197719552.0
2025-11-13,2416.57,2444.45,2454.95,2403.88,5207924,13924746240.0
2025-11-14,2430.89,2436.65,2463.79,2430.46,5280000,11038172160.0
2025-11-17,2440.59,2440.59,2444.75,2427.18,3578004,8219814400.0
2025-11-18,2440.07,2420.5,2440.15,2414.4,5506933,10985702400.0
2025-11-19,2413.01,2382.21,2422.52,2377.11,4656941,8388249088.0
2025-11-20,2387.01,2355.42,2395.06,2350.27,4159919,7774434816.0
2025-11-21,2335.36,2266.47,2347.92,2265.62,4717344,8393001472.0
2025-11-24,2283.4,2302.72,2312.72,2267.47,3405544,6407777280.0
2025-11-25,2316.32,2327.16,2347.27,2315.24,3515571,6915839488.0
2025-11-26,2317.77,2313.92,2345.09,2309.89,3320747,6150519296.0
2025-11-27,2314.24,2327.28,2341.94,2313.8,3037276,6808272384.0
2025-11-28,2323.86,2356.22,2356.7,2314.33,3062452,6693161984.0
2025-12-01,2359.13,2364.97,2371.76,2351.87,3220060,6403653632.0
2025-12-02,2365.69,2362.96,2367.58,2349.67,3194226,6244459008.0
2025-12-03,2366.86,2333.49,2367.97,2325.59,3014272,5481678336.0
2025-12-04,2335.91,2327.4,2346.04,2314.84,3846710,5733442560.0
2025-12-05,2325.37,2357.39,2357.42,2307.75,3813508,5834357248.0
2025-12-08,2363.6,2383.51,2390.09,2362.11,4609430,7760177664.0
2025-12-09,2383.4,2370.12,2388.54,2369.14,4346281,6312140288.0
2025-12-10,2366.65,2360.57,2374.8,2346.06,4345372,6020325888.0
2025-12-11,2361.64,2330.46,2363.55,2328.7,4624933,6859996160.0
2025-12-12,2328.47,2339.39,2351.76,2314.11,4433397,7080605184.0
2025-12-15,2331.99,2331.75,2355.36,2324.12,3405196,6332303872.0
2025-12-16,2379.72,2354.84,2384.42,2322.2,6765627,9746027520.0
2025-12-17,2347.03,2353.77,2374.29,2311.54,7180194,9832356864.0
2025-12-18,2327.17,2367.95,2394.15,2325.18,5697450,7799902208.0
2025-12-19,2370.56,2442.59,2449.41,2370.56,7106345,9360210944.0
2025-12-22,2472.27,2478.37,2499.61,2469.88,8053410,10409446400.0
2025-12-23,2461.93,2436.57,2467.64,2427.33,7705763,11249766400.0
2025-12-24,2435.81,2470.28,2474.2,2435.81,6806069,9621155840.0
2025-12-25,2466.5,2494.45,2502.76,2458.71,6535141,9106411520.0
2025-12-26,2486.18,2486.73,2510.61,2467.08,6543693,11074789376.0
2025-12-29,2486.55,2469.54,2487.59,2462.81,5204340,9712652288.0
2025-12-30,2457.26,2464.4,2478.43,2443.61,4725662,8476700672.0
2025-12-31,2475.97,2472.89,2485.24,2444.39,4933037,8027588608.0
2026-01-05,2490.9,2510.47,2511.8,2486.78,6070889,10934574080.0
2026-01-06,2516.26,2579.78,2584.74,2515.47,9309568,13985708032.0
2026-01-07,2590.53,2568.85,2593.73,2554.2,11100991,16055739392.0
2026-01-08,2558.38,2575.9,2591.1,2552.31,8264486,12152581120.0
2026-01-09,2574.74,2589.26,2600.52,2557.65,7570609,11950171136.0
2026-01-12,2602.61,2644.08,2644.08,2585.19,9470191,16813855744.0
2026-01-13,2651.11,2581.21,2651.11,2576.35,9581684,16169948160.0
2026-01-14,2574.63,2574.98,2624.56,2542.11,9213667,15958706176.0
2026-01-15,2578.56,2596.0,2619.02,2576.76,7916002,12971365376.0
2026-01-16,2608.86,2619.16,2627.46,2584.53,8574581,13870798848.0
2026-01-19,2618.02,2633.55,2638.45,2615.43,6655983,11338873856.0
2026-01-20,2628.88,2604.78,2640.27,2588.27,7669289,12857965568.0
2026-01-21,2592.04,2635.8,2642.2,2590.46,6438345,10763840512.0
2026-01-22,2641.25,2635.98,2649.87,2625.04,6067565,11006405632.0
